target_dataset,distance,chain,n_datasets_in_training,target_n_questions,n_anchors_per_dataset,n_base_datasets,cost_full_eval_target,cost_fixed_target_anchors,cost_concurrent_all_anchors,concurrent_n_items,concurrent_n_anchors,concurrent_best_dimension,concurrent_training_time_sec,concurrent_cumulative_chain_time,concurrent_min_anchors_per_eval_dataset,concurrent_new_model_old_data_n_models,concurrent_new_model_old_data_n_datasets,concurrent_new_model_old_data_anchor_error_mean,concurrent_new_model_old_data_anchor_error_std,concurrent_new_model_old_data_irt_error_mean,concurrent_new_model_old_data_irt_error_std,concurrent_new_model_old_data_gp_irt_error_mean,concurrent_new_model_old_data_gp_irt_error_std,concurrent_new_model_old_data_pirt_error_mean,concurrent_new_model_old_data_pirt_error_std,concurrent_new_model_old_data_true_perf_mean,concurrent_new_model_old_data_true_perf_std,concurrent_new_model_old_data_random_gp_irt_error_mean,concurrent_new_model_old_data_random_gp_irt_error_std,concurrent_new_model_old_data_simple_random_error_mean,concurrent_new_model_old_data_simple_random_error_std,concurrent_new_model_old_data_pooled_simple_random_error_mean,concurrent_new_model_old_data_pooled_simple_random_error_std,concurrent_new_model_old_data_n_pooled_anchors,concurrent_new_model_old_data_per_dataset_errors,concurrent_new_model_old_data_pooled_random_irt_anchor_error_mean,concurrent_new_model_old_data_pooled_random_irt_anchor_error_std,concurrent_new_model_old_data_pooled_random_irt_irt_error_mean,concurrent_new_model_old_data_pooled_random_irt_irt_error_std,concurrent_new_model_old_data_pooled_random_irt_gp_irt_error_mean,concurrent_new_model_old_data_pooled_random_irt_gp_irt_error_std,concurrent_new_model_old_data_pooled_random_irt_pirt_error_mean,concurrent_new_model_old_data_pooled_random_irt_pirt_error_std,concurrent_new_model_old_data_n_pooled_random_anchors,concurrent_new_model_old_data_pooled_irt_anchor_error_mean,concurrent_new_model_old_data_pooled_irt_anchor_error_std,concurrent_new_model_old_data_pooled_irt_irt_error_mean,concurrent_new_model_old_data_pooled_irt_irt_error_std,concurrent_new_model_old_data_pooled_irt_gp_irt_error_mean,concurrent_new_model_old_data_pooled_irt_gp_irt_error_std,concurrent_new_model_old_data_pooled_irt_pirt_error_mean,concurrent_new_model_old_data_pooled_irt_pirt_error_std,concurrent_new_model_old_data_proportional_irt_anchor_error_mean,concurrent_new_model_old_data_proportional_irt_anchor_error_std,concurrent_new_model_old_data_proportional_irt_irt_error_mean,concurrent_new_model_old_data_proportional_irt_irt_error_std,concurrent_new_model_old_data_proportional_irt_gp_irt_error_mean,concurrent_new_model_old_data_proportional_irt_gp_irt_error_std,concurrent_new_model_old_data_proportional_irt_pirt_error_mean,concurrent_new_model_old_data_proportional_irt_pirt_error_std,concurrent_new_model_old_data_n_proportional_anchors,concurrent_new_model_old_data_allocation,concurrent_new_model_old_data_proportional_random_error_mean,concurrent_new_model_old_data_proportional_random_error_std,concurrent_new_model_old_data_proportional_random_irt_anchor_error_mean,concurrent_new_model_old_data_proportional_random_irt_anchor_error_std,concurrent_new_model_old_data_proportional_random_irt_irt_error_mean,concurrent_new_model_old_data_proportional_random_irt_irt_error_std,concurrent_new_model_old_data_proportional_random_irt_gp_irt_error_mean,concurrent_new_model_old_data_proportional_random_irt_gp_irt_error_std,concurrent_new_model_old_data_proportional_random_irt_pirt_error_mean,concurrent_new_model_old_data_proportional_random_irt_pirt_error_std,concurrent_new_model_old_data_n_proportional_random_anchors,fixed_n_items,fixed_n_anchors,fixed_best_dimension,fixed_training_time_sec,fixed_cumulative_chain_time,fixed_min_anchors_per_eval_dataset,fixed_new_model_new_data_n_models,fixed_new_model_new_data_anchor_error_mean,fixed_new_model_new_data_anchor_error_std,fixed_new_model_new_data_irt_error_mean,fixed_new_model_new_data_irt_error_std,fixed_new_model_new_data_gp_irt_error_mean,fixed_new_model_new_data_gp_irt_error_std,fixed_new_model_new_data_pirt_error_mean,fixed_new_model_new_data_pirt_error_std,fixed_new_model_new_data_true_perf_mean,fixed_new_model_new_data_true_perf_std,fixed_old_model_new_data_n_models,fixed_old_model_new_data_anchor_error_mean,fixed_old_model_new_data_anchor_error_std,fixed_old_model_new_data_irt_error_mean,fixed_old_model_new_data_irt_error_std,fixed_old_model_new_data_gp_irt_error_mean,fixed_old_model_new_data_gp_irt_error_std,fixed_old_model_new_data_pirt_error_mean,fixed_old_model_new_data_pirt_error_std,fixed_old_model_new_data_true_perf_mean,fixed_old_model_new_data_true_perf_std,fixed_new_model_old_data_n_models,fixed_new_model_old_data_n_datasets,fixed_new_model_old_data_anchor_error_mean,fixed_new_model_old_data_anchor_error_std,fixed_new_model_old_data_irt_error_mean,fixed_new_model_old_data_irt_error_std,fixed_new_model_old_data_gp_irt_error_mean,fixed_new_model_old_data_gp_irt_error_std,fixed_new_model_old_data_pirt_error_mean,fixed_new_model_old_data_pirt_error_std,fixed_new_model_old_data_true_perf_mean,fixed_new_model_old_data_true_perf_std,fixed_n_seeds,fixed_n_random_questions,fixed_random_anchor_error_mean,fixed_random_anchor_error_std,fixed_random_irt_error_mean,fixed_random_irt_error_std,fixed_random_gp_irt_error_mean,fixed_random_gp_irt_error_std,fixed_random_pirt_error_mean,fixed_random_pirt_error_std,fixed_simple_random_error_mean,fixed_simple_random_error_std,fixed_simple_random_prediction_mean,fixed_simple_random_true_perf_mean,fixed_old_model_new_data_n_seeds,fixed_old_model_new_data_n_random_questions,fixed_old_model_new_data_random_anchor_error_mean,fixed_old_model_new_data_random_anchor_error_std,fixed_old_model_new_data_random_irt_error_mean,fixed_old_model_new_data_random_irt_error_std,fixed_old_model_new_data_random_gp_irt_error_mean,fixed_old_model_new_data_random_gp_irt_error_std,fixed_old_model_new_data_random_pirt_error_mean,fixed_old_model_new_data_random_pirt_error_std,fixed_old_model_new_data_simple_random_error_mean,fixed_old_model_new_data_simple_random_error_std,fixed_old_model_new_data_simple_random_prediction_mean,fixed_old_model_new_data_simple_random_true_perf_mean,fixed_new_model_old_data_random_gp_irt_error_mean,fixed_new_model_old_data_random_gp_irt_error_std,fixed_new_model_old_data_simple_random_error_mean,fixed_new_model_old_data_simple_random_error_std,fixed_new_model_old_data_pooled_simple_random_error_mean,fixed_new_model_old_data_pooled_simple_random_error_std,fixed_new_model_old_data_n_pooled_anchors,fixed_new_model_old_data_per_dataset_errors,fixed_new_model_old_data_pooled_random_irt_anchor_error_mean,fixed_new_model_old_data_pooled_random_irt_anchor_error_std,fixed_new_model_old_data_pooled_random_irt_irt_error_mean,fixed_new_model_old_data_pooled_random_irt_irt_error_std,fixed_new_model_old_data_pooled_random_irt_gp_irt_error_mean,fixed_new_model_old_data_pooled_random_irt_gp_irt_error_std,fixed_new_model_old_data_pooled_random_irt_pirt_error_mean,fixed_new_model_old_data_pooled_random_irt_pirt_error_std,fixed_new_model_old_data_n_pooled_random_anchors,fixed_new_model_old_data_pooled_irt_anchor_error_mean,fixed_new_model_old_data_pooled_irt_anchor_error_std,fixed_new_model_old_data_pooled_irt_irt_error_mean,fixed_new_model_old_data_pooled_irt_irt_error_std,fixed_new_model_old_data_pooled_irt_gp_irt_error_mean,fixed_new_model_old_data_pooled_irt_gp_irt_error_std,fixed_new_model_old_data_pooled_irt_pirt_error_mean,fixed_new_model_old_data_pooled_irt_pirt_error_std,fixed_new_model_old_data_proportional_irt_anchor_error_mean,fixed_new_model_old_data_proportional_irt_anchor_error_std,fixed_new_model_old_data_proportional_irt_irt_error_mean,fixed_new_model_old_data_proportional_irt_irt_error_std,fixed_new_model_old_data_proportional_irt_gp_irt_error_mean,fixed_new_model_old_data_proportional_irt_gp_irt_error_std,fixed_new_model_old_data_proportional_irt_pirt_error_mean,fixed_new_model_old_data_proportional_irt_pirt_error_std,fixed_new_model_old_data_n_proportional_anchors,fixed_new_model_old_data_allocation,fixed_new_model_old_data_proportional_random_error_mean,fixed_new_model_old_data_proportional_random_error_std,fixed_new_model_old_data_proportional_random_irt_anchor_error_mean,fixed_new_model_old_data_proportional_random_irt_anchor_error_std,fixed_new_model_old_data_proportional_random_irt_irt_error_mean,fixed_new_model_old_data_proportional_random_irt_irt_error_std,fixed_new_model_old_data_proportional_random_irt_gp_irt_error_mean,fixed_new_model_old_data_proportional_random_irt_gp_irt_error_std,fixed_new_model_old_data_proportional_random_irt_pirt_error_mean,fixed_new_model_old_data_proportional_random_irt_pirt_error_std,fixed_new_model_old_data_n_proportional_random_anchors,fixed_n_test_models,fixed_anchor_error_mean,fixed_anchor_error_std,fixed_irt_error_mean,fixed_irt_error_std,fixed_gp_irt_error_mean,fixed_gp_irt_error_std,fixed_pirt_error_mean,fixed_pirt_error_std,fixed_true_performance_mean,fixed_true_performance_std,concurrent_new_model_new_data_n_models,concurrent_new_model_new_data_anchor_error_mean,concurrent_new_model_new_data_anchor_error_std,concurrent_new_model_new_data_irt_error_mean,concurrent_new_model_new_data_irt_error_std,concurrent_new_model_new_data_gp_irt_error_mean,concurrent_new_model_new_data_gp_irt_error_std,concurrent_new_model_new_data_pirt_error_mean,concurrent_new_model_new_data_pirt_error_std,concurrent_new_model_new_data_true_perf_mean,concurrent_new_model_new_data_true_perf_std,concurrent_old_model_new_data_n_models,concurrent_old_model_new_data_anchor_error_mean,concurrent_old_model_new_data_anchor_error_std,concurrent_old_model_new_data_irt_error_mean,concurrent_old_model_new_data_irt_error_std,concurrent_old_model_new_data_gp_irt_error_mean,concurrent_old_model_new_data_gp_irt_error_std,concurrent_old_model_new_data_pirt_error_mean,concurrent_old_model_new_data_pirt_error_std,concurrent_old_model_new_data_true_perf_mean,concurrent_old_model_new_data_true_perf_std,concurrent_n_seeds,concurrent_n_random_questions,concurrent_random_anchor_error_mean,concurrent_random_anchor_error_std,concurrent_random_irt_error_mean,concurrent_random_irt_error_std,concurrent_random_gp_irt_error_mean,concurrent_random_gp_irt_error_std,concurrent_random_pirt_error_mean,concurrent_random_pirt_error_std,concurrent_simple_random_error_mean,concurrent_simple_random_error_std,concurrent_simple_random_prediction_mean,concurrent_simple_random_true_perf_mean,concurrent_old_model_new_data_n_seeds,concurrent_old_model_new_data_n_random_questions,concurrent_old_model_new_data_random_anchor_error_mean,concurrent_old_model_new_data_random_anchor_error_std,concurrent_old_model_new_data_random_irt_error_mean,concurrent_old_model_new_data_random_irt_error_std,concurrent_old_model_new_data_random_gp_irt_error_mean,concurrent_old_model_new_data_random_gp_irt_error_std,concurrent_old_model_new_data_random_pirt_error_mean,concurrent_old_model_new_data_random_pirt_error_std,concurrent_old_model_new_data_simple_random_error_mean,concurrent_old_model_new_data_simple_random_error_std,concurrent_old_model_new_data_simple_random_prediction_mean,concurrent_old_model_new_data_simple_random_true_perf_mean,concurrent_n_test_models,concurrent_anchor_error_mean,concurrent_anchor_error_std,concurrent_irt_error_mean,concurrent_irt_error_std,concurrent_gp_irt_error_mean,concurrent_gp_irt_error_std,concurrent_pirt_error_mean,concurrent_pirt_error_std,concurrent_true_performance_mean,concurrent_true_performance_std,delta_anchor_error,delta_irt_error,delta_gp_irt_error,delta_pirt_error
Winogrande,0,base_only,1,1267,100,1,1267,0,100,1319,100,5,290.48,0.0,100,98,1,0.0234,0.0,0.0236,0.0,0.0216,0.0,0.0234,0.0,0.2925,0.0,0.0169,0.0,0.0226,0.0,0.0272,0.0,100,{'GSM8K': 0.02345074345128499},30.1565,,0.0244,,12.7337,,0.0244,,100,0.0234,,0.0236,,0.0216,,0.0234,,0.0234,,0.0236,,0.0216,,0.0234,,100,{'GSM8K': 100},0.0235,0.0,27.9422,,0.0232,,11.79,,0.0233,,100,,,,,,,,,,,,,,,,,,,,,,,,,,,,,,,,,,,,,,,,,,,,,,,,,,,,,,,,,,,,,,,,,,,,,,,,,,,,,,,,,,,,,,,,,,,,,,,,,,,,,,,,,,,,,,,,,,,,,,,,,,,,,,,,,,,,,,,,,,,,,,,,,,,,,,,,,,,,,,,,,,,,,,,,,,,,,,,,,,,,,,,,,,,,,,
Winogrande,1,direct,2,1267,100,1,1267,100,200,2586,200,5,630.88,0.0,100,98,1,0.0305,0.0,0.063,0.0,0.0373,0.0,0.0629,0.0,0.2925,0.0,0.0226,0.0,0.0218,0.0,0.0295,0.0,100,{'GSM8K': 0.023552784267611513},30.0143,,0.0228,,18.557,,0.0228,,100,0.0305,,0.063,,0.0373,,0.0629,,0.0305,,0.063,,0.0373,,0.0629,,100,{'GSM8K': 100},0.0236,0.0,29.7688,,0.0224,,18.4065,,0.0225,,100,2586.0,200.0,5.0,536.85,0.0,100.0,98.0,0.0208,0.0167,0.0212,0.0173,0.0198,0.0163,0.021,0.0172,0.7648,0.0495,25.0,0.0177,0.0136,0.014,0.01,0.015,0.0111,0.0142,0.0103,0.7662,0.0401,98.0,1.0,0.022,0.0,0.0323,0.0,0.0262,0.0,0.0322,0.0,0.2925,0.0,1.0,100.0,0.0327,0.0,0.0212,0.0,0.0149,0.0,0.0196,0.0,0.0209,0.0,0.7694,0.7648,1.0,100.0,0.041,0.0,0.014,0.0,0.0174,0.0,0.0133,0.0,0.0306,0.0,0.7772,0.7662,0.0211,0.0,0.0218,0.0,0.0295,0.0,100.0,{'GSM8K': 0.023552784267611513},30.0143,,0.0247,,9.2478,,0.0246,,100.0,0.0247,,0.0239,,0.0232,,0.024,,0.0247,,0.0239,,0.0232,,0.024,,100.0,{'GSM8K': 100},0.0236,0.0,29.7688,,0.0234,,9.1637,,0.0234,,100.0,98.0,0.0208,0.0167,0.0212,0.0173,0.0198,0.0163,0.021,0.0172,0.7648,0.0495,98.0,0.0215,0.0169,0.0324,0.0232,0.0223,0.0161,0.035,0.025,0.7648,0.0495,25.0,0.0187,0.0156,0.0297,0.0188,0.0178,0.0167,0.0323,0.0203,0.7662,0.0401,1.0,100.0,0.0327,0.0,0.0324,0.0,0.0164,0.0,0.0284,0.0,0.0209,0.0,0.7694,0.7648,1.0,100.0,0.041,0.0,0.0297,0.0,0.0207,0.0,0.0263,0.0,0.0306,0.0,0.7772,0.7662,98.0,0.0215,0.0169,0.0324,0.0232,0.0223,0.0161,0.035,0.025,0.7648,0.0495,-0.0007,-0.0112,-0.0025,-0.0139
Winogrande,2,TruthfulQA,3,1267,100,1,1267,100,300,3403,300,5,658.46,151.7053,100,98,2,0.0208,0.0052,0.0544,0.0288,0.0328,0.0091,0.0523,0.0275,0.4001,0.1076,0.034,0.0184,0.0233,0.0031,0.0381,0.0074,100,"{'GSM8K': 0.03452976974496909, 'TruthfulQA': 0.03214980058283753}",20.5149,4.7179,0.0508,0.0157,7.5879,0.6927,0.0507,0.015,100,0.2175,0.146,0.0526,0.0349,0.0995,0.0682,0.0515,0.0342,0.0285,0.0028,0.0782,0.0706,0.059,0.0503,0.0763,0.0696,100,"{'GSM8K': 62, 'TruthfulQA': 38}",0.0333,0.0012,17.926,2.2407,0.0306,0.0027,6.7288,1.3316,0.0307,0.0029,100,3403.0,300.0,5.0,678.58,151.7053,100.0,98.0,0.0249,0.0188,0.0315,0.021,0.0216,0.0161,0.0301,0.02,0.7648,0.0495,25.0,0.0217,0.0164,0.03,0.0203,0.0189,0.0153,0.0293,0.0188,0.7662,0.0401,98.0,2.0,0.0215,0.0005,0.0266,0.0015,0.0208,0.0006,0.0262,0.0012,0.4001,0.1076,1.0,100.0,0.027,0.0,0.0315,0.0,0.0156,0.0,0.0292,0.0,0.0173,0.0,0.7628,0.7648,1.0,100.0,0.0321,0.0,0.03,0.0,0.0157,0.0,0.0282,0.0,0.0224,0.0,0.7544,0.7662,0.0181,0.0016,0.0233,0.0031,0.0381,0.0074,100.0,"{'GSM8K': 0.03452976974496908, 'TruthfulQA': 0.03214980058283752}",20.5149,4.7179,0.0317,0.0082,6.2529,0.1554,0.0316,0.0085,100.0,0.2112,0.134,0.0305,0.0017,0.0575,0.0127,0.0303,0.0018,0.0271,0.0012,0.0291,0.0026,0.0272,0.001,0.0289,0.0025,100.0,"{'GSM8K': 62, 'TruthfulQA': 38}",0.0333,0.0012,17.926,2.2407,0.031,0.0001,5.5158,0.4416,0.0309,0.0,100.0,98.0,0.0249,0.0188,0.0315,0.021,0.0216,0.0161,0.0301,0.02,0.7648,0.0495,98.0,0.0214,0.016,0.2573,0.0312,0.0869,0.0227,0.2481,0.0306,0.7648,0.0495,25.0,0.0166,0.0097,0.2569,0.0342,0.089,0.0178,0.2481,0.0334,0.7662,0.0401,1.0,100.0,0.027,0.0,0.2573,0.0,0.1404,0.0,0.2366,0.0,0.0173,0.0,0.7628,0.7648,1.0,100.0,0.0321,0.0,0.2569,0.0,0.138,0.0,0.236,0.0,0.0224,0.0,0.7544,0.7662,98.0,0.0214,0.016,0.2573,0.0312,0.0869,0.0227,0.2481,0.0306,0.7648,0.0495,0.0035,-0.2258,-0.0654,-0.218
Winogrande,3,TruthfulQA_MMLU,4,1267,100,1,1267,100,400,17445,400,5,1464.09,588.7521,100,98,3,0.0248,0.0011,0.0684,0.0153,0.0327,0.0104,0.0644,0.0158,0.4531,0.1154,0.04,0.016,0.0341,0.0134,0.0681,0.0252,100,"{'GSM8K': 0.092247721681546, 'TruthfulQA': 0.08735979337993141, 'MMLU': 0.02831030550318149}",17.8874,26.0939,0.0913,0.0312,3.6741,4.1209,0.0909,0.0308,100,0.2769,0.1921,0.077,0.0155,0.1238,0.0529,0.0767,0.0152,0.0663,0.0345,0.0928,0.0429,0.0677,0.0205,0.0923,0.0425,100,"{'GSM8K': 8, 'TruthfulQA': 5, 'MMLU': 87}",0.0693,0.0291,17.1796,26.2691,0.0628,0.0353,3.336,4.2785,0.0626,0.035,100,17445.0,400.0,5.0,1558.32,588.7521,100.0,98.0,0.0201,0.0165,0.0552,0.0405,0.0229,0.016,0.0564,0.0419,0.7648,0.0495,25.0,0.0159,0.0122,0.0502,0.0379,0.0169,0.0109,0.0497,0.0406,0.7662,0.0401,98.0,3.0,0.0237,0.0031,0.2031,0.102,0.0854,0.0455,0.2023,0.1026,0.4531,0.1154,1.0,100.0,0.0235,0.0,0.0552,0.0,0.0273,0.0,0.0498,0.0,0.0385,0.0,0.8006,0.7648,1.0,100.0,0.0248,0.0,0.0502,0.0,0.0283,0.0,0.046,0.0,0.038,0.0,0.8024,0.7662,0.1338,0.0753,0.0341,0.0134,0.0681,0.0252,100.0,"{'GSM8K': 0.092247721681546, 'TruthfulQA': 0.08735979337993138, 'MMLU': 0.02831030550318149}",17.8874,26.0939,0.073,0.0029,5.9333,7.6036,0.0728,0.0027,100.0,0.2764,0.2246,0.0522,0.0215,0.1305,0.0866,0.0519,0.0213,0.0728,0.0382,0.0662,0.0243,0.0517,0.0192,0.0659,0.024,100.0,"{'GSM8K': 8, 'TruthfulQA': 5, 'MMLU': 87}",0.0693,0.0291,17.1796,26.2691,0.077,0.0379,5.4989,7.7996,0.0768,0.0379,100.0,98.0,0.0201,0.0165,0.0552,0.0405,0.0229,0.016,0.0564,0.0419,0.7648,0.0495,98.0,0.0222,0.0158,0.2912,0.036,0.0722,0.0226,0.2802,0.0344,0.7648,0.0495,25.0,0.0161,0.0145,0.2868,0.0322,0.0711,0.018,0.2765,0.0307,0.7662,0.0401,1.0,100.0,0.0235,0.0,0.2912,0.0,0.1571,0.0,0.267,0.0,0.0385,0.0,0.8006,0.7648,1.0,100.0,0.0248,0.0,0.2868,0.0,0.154,0.0,0.2629,0.0,0.038,0.0,0.8024,0.7662,98.0,0.0222,0.0158,0.2912,0.036,0.0722,0.0226,0.2802,0.0344,0.7648,0.0495,-0.0022,-0.236,-0.0492,-0.2238
Winogrande,4,TruthfulQA_MMLU_ARC Challenge,5,1267,100,1,1267,100,500,18617,500,5,1519.81,1096.1678,100,98,4,0.0222,0.0021,0.0708,0.0326,0.0263,0.009,0.0664,0.0297,0.489,0.1178,0.0481,0.0169,0.0251,0.0073,0.1795,0.1802,100,"{'GSM8K': 0.11109551586257811, 'TruthfulQA': 0.34338661705253387, 'MMLU': 0.033152342633762315, 'ARC Challenge': 0.09052080120200204}",13.317,20.4181,0.0818,0.0443,1.8969,1.9752,0.0812,0.0439,100,0.3522,0.2051,0.0846,0.0504,0.1752,0.1895,0.0841,0.0496,0.0813,0.0392,0.106,0.0603,0.0746,0.0244,0.1056,0.0599,100,"{'GSM8K': 7, 'TruthfulQA': 5, 'MMLU': 81, 'ARC Challenge': 7}",0.1445,0.1183,13.6298,21.5008,0.0969,0.0544,1.3369,0.9218,0.0968,0.0541,100,18617.0,500.0,5.0,1819.17,1096.1678,100.0,98.0,0.0232,0.0202,0.2366,0.1192,0.0824,0.0491,0.22,0.1119,0.7648,0.0495,25.0,0.0169,0.0126,0.2469,0.1103,0.0817,0.0411,0.2296,0.1033,0.7662,0.0401,98.0,4.0,0.0237,0.0027,0.27,0.0595,0.0613,0.0377,0.2703,0.0586,0.489,0.1178,1.0,100.0,0.0392,0.0,0.2366,0.0,0.15,0.0,0.2168,0.0,0.0232,0.0,0.7716,0.7648,1.0,100.0,0.0356,0.0,0.2469,0.0,0.1581,0.0,0.2265,0.0,0.027,0.0,0.7772,0.7662,0.1472,0.058,0.0251,0.0073,0.1795,0.1802,100.0,"{'GSM8K': 0.11109551586257811, 'TruthfulQA': 0.34338661705253376, 'MMLU': 0.033152342633762315, 'ARC Challenge': 0.09052080120200201}",13.317,20.4181,0.0641,0.0369,4.6788,5.557,0.064,0.0368,100.0,0.3548,0.2103,0.0551,0.0214,0.2103,0.1353,0.0548,0.021,0.0735,0.0343,0.0554,0.0355,0.0546,0.0238,0.0552,0.0353,100.0,"{'GSM8K': 7, 'TruthfulQA': 5, 'MMLU': 81, 'ARC Challenge': 7}",0.1445,0.1183,13.6298,21.5008,0.0576,0.0339,4.5908,5.8286,0.0574,0.0338,100.0,98.0,0.0232,0.0202,0.2366,0.1192,0.0824,0.0491,0.22,0.1119,0.7648,0.0495,98.0,0.0233,0.0172,0.259,0.0346,0.0562,0.0242,0.248,0.0333,0.7648,0.0495,25.0,0.0194,0.014,0.2508,0.0323,0.0521,0.0188,0.2405,0.031,0.7662,0.0401,1.0,100.0,0.0392,0.0,0.259,0.0,0.1294,0.0,0.2322,0.0,0.0232,0.0,0.7716,0.7648,1.0,100.0,0.0356,0.0,0.2508,0.0,0.1263,0.0,0.225,0.0,0.027,0.0,0.7772,0.7662,98.0,0.0233,0.0172,0.259,0.0346,0.0562,0.0242,0.248,0.0333,0.7648,0.0495,-0.0001,-0.0223,0.0261,-0.028
Winogrande,5,TruthfulQA_MMLU_ARC Challenge_HellaSwag,6,1267,100,1,1267,100,600,28659,600,5,1156.66,1992.8309,100,98,5,0.0198,0.0053,0.0452,0.0131,0.034,0.0152,0.0434,0.0134,0.553,0.1659,0.0356,0.0159,0.0211,0.0046,0.1001,0.0392,100,"{'GSM8K': 0.11404589129055717, 'TruthfulQA': 0.15943272609117853, 'MMLU': 0.03840446590258379, 'ARC Challenge': 0.13954865222539528, 'HellaSwag': 0.04287499946446657}",11.3001,13.7065,0.0492,0.0191,0.638,0.5256,0.0491,0.0191,100,0.424,0.1613,0.052,0.016,0.1538,0.1634,0.0518,0.0159,0.0623,0.0602,0.06,0.0271,0.0601,0.0281,0.0599,0.027,100,"{'GSM8K': 5, 'TruthfulQA': 3, 'MMLU': 51, 'ARC Challenge': 4, 'HellaSwag': 37}",0.0989,0.0497,12.467,15.8019,0.0593,0.0342,0.5442,0.4051,0.0591,0.0341,100,28659.0,600.0,5.0,1263.71,1992.8309,100.0,98.0,0.0233,0.0165,0.1378,0.0463,0.0235,0.0202,0.1266,0.0436,0.7648,0.0495,25.0,0.0193,0.0121,0.146,0.0449,0.0271,0.0211,0.135,0.0425,0.7662,0.0401,98.0,5.0,0.0214,0.0051,0.1736,0.0207,0.0546,0.0406,0.1736,0.0205,0.553,0.1659,1.0,100.0,0.023,0.0,0.1378,0.0,0.0764,0.0,0.1267,0.0,0.0278,0.0,0.7636,0.7648,1.0,100.0,0.022,0.0,0.146,0.0,0.0823,0.0,0.1345,0.0,0.0278,0.0,0.7744,0.7662,0.0909,0.0472,0.0211,0.0046,0.1001,0.0392,100.0,"{'GSM8K': 0.11404589129055717, 'TruthfulQA': 0.1594327260911786, 'MMLU': 0.0384044659025838, 'ARC Challenge': 0.13954865222539525, 'HellaSwag': 0.04287499946446657}",11.3001,13.7065,0.055,0.0215,3.5825,5.5429,0.055,0.0214,100.0,0.4245,0.1931,0.0492,0.0151,0.1799,0.1236,0.049,0.015,0.0633,0.0579,0.0593,0.024,0.0622,0.0382,0.0592,0.024,100.0,"{'GSM8K': 5, 'TruthfulQA': 3, 'MMLU': 51, 'ARC Challenge': 4, 'HellaSwag': 37}",0.0989,0.0497,12.467,15.8019,0.0581,0.0383,3.5589,5.5724,0.058,0.0382,100.0,98.0,0.0233,0.0165,0.1378,0.0463,0.0235,0.0202,0.1266,0.0436,0.7648,0.0495,98.0,0.0191,0.0164,0.0946,0.0269,0.029,0.0163,0.0904,0.0251,0.7648,0.0495,25.0,0.0145,0.0113,0.0993,0.0234,0.0265,0.0155,0.095,0.0223,0.7662,0.0401,1.0,100.0,0.023,0.0,0.0946,0.0,0.0594,0.0,0.0864,0.0,0.0278,0.0,0.7636,0.7648,1.0,100.0,0.022,0.0,0.0993,0.0,0.0635,0.0,0.091,0.0,0.0278,0.0,0.7744,0.7662,98.0,0.0191,0.0164,0.0946,0.0269,0.029,0.0163,0.0904,0.0251,0.7648,0.0495,0.0043,0.0432,-0.0056,0.0362
