model_name,n_seeds,simple_random_error_mean,simple_random_error_std,simple_random_prediction_mean,simple_random_prediction_std,simple_random_true_performance_mean,simple_random_true_performance_std,dataset
open-llm-leaderboard/details_logicker__SkkuDataScienceGlobal-10.7b,1,0.0295,0.0,0.7,0.0,0.6705,0.0,harness_hendrycksTest_college_medicine_5
open-llm-leaderboard/details_abacusai__MetaMath-bagel-34b-v0.2-c1500,1,0.063,0.0,0.7,0.0,0.763,0.0,harness_hendrycksTest_college_medicine_5
open-llm-leaderboard/details_Q-bert__MetaMath-Cybertron-Starling,1,0.0353,0.0,0.7,0.0,0.6647,0.0,harness_hendrycksTest_college_medicine_5
open-llm-leaderboard/details_meta-math__MetaMath-Mistral-7B,1,0.0815,0.0,0.7,0.0,0.6185,0.0,harness_hendrycksTest_college_medicine_5
open-llm-leaderboard/details_ed001__datascience-coder-6.7b,1,0.1353,0.0,0.2,0.0,0.3353,0.0,harness_hendrycksTest_college_medicine_5
open-llm-leaderboard/details_abacusai__Fewshot-Metamath-OrcaVicuna-Mistral,1,0.1584,0.0,0.8,0.0,0.6416,0.0,harness_hendrycksTest_college_medicine_5
open-llm-leaderboard/details_rameshm__llama-2-13b-mathgpt-v4,1,0.0046,0.0,0.4,0.0,0.4046,0.0,harness_hendrycksTest_college_medicine_5
open-llm-leaderboard/details_rombodawg__LosslessMegaCoder-llama2-13b-mini,1,0.1202,0.0,0.4,0.0,0.5202,0.0,harness_hendrycksTest_college_medicine_5
open-llm-leaderboard/details_jondurbin__airocoder-34b-2.1,1,0.1624,0.0,0.3,0.0,0.4624,0.0,harness_hendrycksTest_college_medicine_5
open-llm-leaderboard/details_WizardLM__WizardCoder-Python-7B-V1.0,1,0.0821,0.0,0.4,0.0,0.3179,0.0,harness_hendrycksTest_college_medicine_5
open-llm-leaderboard/details_WizardLM__WizardCoder-15B-V1.0,1,0.0486,0.0,0.2,0.0,0.2486,0.0,harness_hendrycksTest_college_medicine_5
open-llm-leaderboard/details_bigcode__tiny_starcoder_py,1,0.0486,0.0,0.2,0.0,0.2486,0.0,harness_hendrycksTest_college_medicine_5
open-llm-leaderboard/details_FelixChao__vicuna-7B-physics,1,0.1757,0.0,0.2,0.0,0.3757,0.0,harness_hendrycksTest_college_medicine_5
open-llm-leaderboard/details_AdaptLLM__law-chat,1,0.1451,0.0,0.3,0.0,0.4451,0.0,harness_hendrycksTest_college_medicine_5
open-llm-leaderboard/details_rombodawg__Leaderboard-killer-MoE_4x7b,1,0.1237,0.0,0.8,0.0,0.6763,0.0,harness_hendrycksTest_college_medicine_5
open-llm-leaderboard/details_Swisslex__Mixtral-Orca-v0.1,1,0.0532,0.0,0.6,0.0,0.6532,0.0,harness_hendrycksTest_college_medicine_5
open-llm-leaderboard/details_nfaheem__Marcoroni-7b-DPO-Merge,1,0.141,0.0,0.8,0.0,0.659,0.0,harness_hendrycksTest_college_medicine_5
open-llm-leaderboard/details_maywell__PiVoT-SUS-RP,1,0.0341,0.0,0.7,0.0,0.7341,0.0,harness_hendrycksTest_college_medicine_5
open-llm-leaderboard/details_h2m__mhm-7b-v1.3,1,0.0434,0.0,0.5,0.0,0.4566,0.0,harness_hendrycksTest_college_medicine_5
open-llm-leaderboard/details_AA051611__limb,1,0.0936,0.0,0.6,0.0,0.6936,0.0,harness_hendrycksTest_college_medicine_5
open-llm-leaderboard/details_CallComply__zephyr-7b-beta-128k,1,0.1931,0.0,0.8,0.0,0.6069,0.0,harness_hendrycksTest_college_medicine_5
open-llm-leaderboard/details_PSanni__MPOMixtral-8x7B-Instruct-v0.1,1,0.0601,0.0,0.8,0.0,0.7399,0.0,harness_hendrycksTest_college_medicine_5
open-llm-leaderboard/details_Weyaxi__Bagel-Hermes-2x34b,1,0.0428,0.0,0.8,0.0,0.7572,0.0,harness_hendrycksTest_college_medicine_5
open-llm-leaderboard/details_Weyaxi__Bagel-Hermes-34B-Slerp,1,0.0543,0.0,0.8,0.0,0.7457,0.0,harness_hendrycksTest_college_medicine_5
open-llm-leaderboard/details_cloudyu__Yi-34Bx3-MoE-90B,1,0.0543,0.0,0.8,0.0,0.7457,0.0,harness_hendrycksTest_college_medicine_5
open-llm-leaderboard/details_diffnamehard__Psyfighter2-Noromaid-ties-Capybara-13B,1,0.0798,0.0,0.6,0.0,0.5202,0.0,harness_hendrycksTest_college_medicine_5
open-llm-leaderboard/details_udkai__Turdus,1,0.1642,0.0,0.8,0.0,0.6358,0.0,harness_hendrycksTest_college_medicine_5
open-llm-leaderboard/details_AA051611__A0110,1,0.111,0.0,0.6,0.0,0.711,0.0,harness_hendrycksTest_college_medicine_5
open-llm-leaderboard/details_hywu__Camelidae-8x13B,1,0.1451,0.0,0.7,0.0,0.5549,0.0,harness_hendrycksTest_college_medicine_5
open-llm-leaderboard/details_osanseviero__mistral-instruct-frankenmerge,1,0.0277,0.0,0.6,0.0,0.5723,0.0,harness_hendrycksTest_college_medicine_5
open-llm-leaderboard/details_RatanRohith__MistralBeagle-RS-7B-V0.1,1,0.1179,0.0,0.8,0.0,0.6821,0.0,harness_hendrycksTest_college_medicine_5
open-llm-leaderboard/details_cognitivecomputations__yayi2-30b-llama,1,0.1052,0.0,0.6,0.0,0.7052,0.0,harness_hendrycksTest_college_medicine_5
open-llm-leaderboard/details_AA051610__A0106,1,0.0052,0.0,0.7,0.0,0.7052,0.0,harness_hendrycksTest_college_medicine_5
open-llm-leaderboard/details_jilp00__Hermes-2-SOLAR-10.7B-Symbolic,1,0.1526,0.0,0.8,0.0,0.6474,0.0,harness_hendrycksTest_college_medicine_5
open-llm-leaderboard/details_ewqr2130__mistral-se-inst-ppo,1,0.0815,0.0,0.7,0.0,0.6185,0.0,harness_hendrycksTest_college_medicine_5
open-llm-leaderboard/details_Mihaiii__Pallas-0.5-LASER-0.1,1,0.0717,0.0,0.8,0.0,0.7283,0.0,harness_hendrycksTest_college_medicine_5
open-llm-leaderboard/details_TomGrc__FusionNet_passthrough_v0.1,1,0.1237,0.0,0.8,0.0,0.6763,0.0,harness_hendrycksTest_college_medicine_5
open-llm-leaderboard/details_jae24__openhermes_dpo_norobot_0201,1,0.0127,0.0,0.6,0.0,0.6127,0.0,harness_hendrycksTest_college_medicine_5
open-llm-leaderboard/details_TomGrc__FusionNet,1,0.0295,0.0,0.7,0.0,0.6705,0.0,harness_hendrycksTest_college_medicine_5
open-llm-leaderboard/details_cognitivecomputations__dolphin-2.2.1-mistral-7b,1,0.1642,0.0,0.8,0.0,0.6358,0.0,harness_hendrycksTest_college_medicine_5
open-llm-leaderboard/details_dfurman__Mistral-7B-Instruct-v0.2,1,0.2162,0.0,0.8,0.0,0.5838,0.0,harness_hendrycksTest_college_medicine_5
open-llm-leaderboard/details_cognitivecomputations__dolphin-2.2-yi-34b-200k,1,0.026,0.0,0.5,0.0,0.526,0.0,harness_hendrycksTest_college_medicine_5
open-llm-leaderboard/details_beberik__rawr,1,0.2179,0.0,0.9,0.0,0.6821,0.0,harness_hendrycksTest_college_medicine_5
open-llm-leaderboard/details_SuperAGI__SAM,1,0.1526,0.0,0.8,0.0,0.6474,0.0,harness_hendrycksTest_college_medicine_5
open-llm-leaderboard/details_jeonsworld__CarbonVillain-en-10.7B-v1,1,0.0295,0.0,0.7,0.0,0.6705,0.0,harness_hendrycksTest_college_medicine_5
open-llm-leaderboard/details_bn22__OpenHermes-2.5-Mistral-7B-MISALIGNED,1,0.0815,0.0,0.7,0.0,0.6185,0.0,harness_hendrycksTest_college_medicine_5
open-llm-leaderboard/details_VAGOsolutions__SauerkrautLM-Mixtral-8x7B-Instruct,1,0.137,0.0,0.9,0.0,0.763,0.0,harness_hendrycksTest_college_medicine_5
open-llm-leaderboard/details_acrastt__kalomaze-stuff,1,0.1815,0.0,0.8,0.0,0.6185,0.0,harness_hendrycksTest_college_medicine_5
open-llm-leaderboard/details_APMIC__caigun-lora-model-34B-v3,1,0.0717,0.0,0.8,0.0,0.7283,0.0,harness_hendrycksTest_college_medicine_5
open-llm-leaderboard/details_xDAN-AI__xDAN-L1Mix-DeepThinking-v2,1,0.3046,0.0,0.9,0.0,0.5954,0.0,harness_hendrycksTest_college_medicine_5
open-llm-leaderboard/details_martyn__llama2-megamerge-dare-13b-v2,1,0.3491,0.0,0.8,0.0,0.4509,0.0,harness_hendrycksTest_college_medicine_5
open-llm-leaderboard/details_one-man-army__una-neural-chat-v3-3-P2-OMA,1,0.1358,0.0,0.5,0.0,0.6358,0.0,harness_hendrycksTest_college_medicine_5
open-llm-leaderboard/details_Dans-DiscountModels__Dans-07YahooAnswers-7b,1,0.1815,0.0,0.8,0.0,0.6185,0.0,harness_hendrycksTest_college_medicine_5
open-llm-leaderboard/details_cyberagent__calm2-7b-chat,1,0.0699,0.0,0.3,0.0,0.3699,0.0,harness_hendrycksTest_college_medicine_5
open-llm-leaderboard/details_perlthoughts__Chupacabra-7B-v2.03-128k,1,0.0815,0.0,0.7,0.0,0.6185,0.0,harness_hendrycksTest_college_medicine_5
open-llm-leaderboard/details_wang7776__Llama-2-7b-chat-hf-10-sparsity,1,0.0069,0.0,0.4,0.0,0.3931,0.0,harness_hendrycksTest_college_medicine_5
open-llm-leaderboard/details_ehartford__dolphin-2.2-yi-34b-200k,1,0.0202,0.0,0.5,0.0,0.5202,0.0,harness_hendrycksTest_college_medicine_5
open-llm-leaderboard/details_Locutusque__Orca-2-13B-no_robots,1,0.0665,0.0,0.5,0.0,0.5665,0.0,harness_hendrycksTest_college_medicine_5
open-llm-leaderboard/details_haoranxu__ALMA-13B,1,0.1393,0.0,0.3,0.0,0.4393,0.0,harness_hendrycksTest_college_medicine_5
open-llm-leaderboard/details_hfl__chinese-alpaca-2-13b-16k,1,0.1087,0.0,0.4,0.0,0.5087,0.0,harness_hendrycksTest_college_medicine_5
open-llm-leaderboard/details_WebraftAI__synapsellm-7b-mistral-v0.4-preview3,1,0.0566,0.0,0.6,0.0,0.5434,0.0,harness_hendrycksTest_college_medicine_5
open-llm-leaderboard/details_TokenBender__pic_7B_mistral_Full_v0.1,1,0.0642,0.0,0.7,0.0,0.6358,0.0,harness_hendrycksTest_college_medicine_5
open-llm-leaderboard/details_migtissera__Tess-7B-v1.4,1,0.0988,0.0,0.7,0.0,0.6012,0.0,harness_hendrycksTest_college_medicine_5
open-llm-leaderboard/details_adamo1139__Yi-34B-AEZAKMI-v1,1,0.1948,0.0,0.9,0.0,0.7052,0.0,harness_hendrycksTest_college_medicine_5
open-llm-leaderboard/details_Weyaxi__Platypus-Nebula-v2-7B,1,0.0335,0.0,0.6,0.0,0.5665,0.0,harness_hendrycksTest_college_medicine_5
open-llm-leaderboard/details_perlthoughts__Chupacabra-7B-v2,1,0.1127,0.0,0.5,0.0,0.6127,0.0,harness_hendrycksTest_college_medicine_5
open-llm-leaderboard/details_Intel__neural-chat-7b-v3-1,1,0.0301,0.0,0.6,0.0,0.6301,0.0,harness_hendrycksTest_college_medicine_5
open-llm-leaderboard/details_ajibawa-2023__Uncensored-Frank-33B,1,0.074,0.0,0.6,0.0,0.526,0.0,harness_hendrycksTest_college_medicine_5
open-llm-leaderboard/details_chargoddard__storytime-13b,1,0.0798,0.0,0.6,0.0,0.5202,0.0,harness_hendrycksTest_college_medicine_5
open-llm-leaderboard/details_LTC-AI-Labs__L2-7b-Beluga-WVG-Test,1,0.0393,0.0,0.4,0.0,0.4393,0.0,harness_hendrycksTest_college_medicine_5
open-llm-leaderboard/details_oh-yeontaek__llama-2-13B-LoRA-assemble,1,0.0046,0.0,0.6,0.0,0.5954,0.0,harness_hendrycksTest_college_medicine_5
open-llm-leaderboard/details_Charlie911__vicuna-7b-v1.5-lora-mixed-datasets-time-unit,1,0.2723,0.0,0.7,0.0,0.4277,0.0,harness_hendrycksTest_college_medicine_5
open-llm-leaderboard/details_Envoid__Libra-19B,1,0.126,0.0,0.4,0.0,0.526,0.0,harness_hendrycksTest_college_medicine_5
open-llm-leaderboard/details_Danielbrdz__Barcenas-13b,1,0.0087,0.0,0.5,0.0,0.5087,0.0,harness_hendrycksTest_college_medicine_5
open-llm-leaderboard/details_CHIH-HUNG__llama-2-13b-FINETUNE5_4w-r4-q_k_v_o,1,0.2509,0.0,0.8,0.0,0.5491,0.0,harness_hendrycksTest_college_medicine_5
open-llm-leaderboard/details_KnutJaegersberg__deacon-13b,1,0.0029,0.0,0.5,0.0,0.4971,0.0,harness_hendrycksTest_college_medicine_5
open-llm-leaderboard/details_LTC-AI-Labs__L2-7b-Synthia-WVG-Test,1,0.022,0.0,0.4,0.0,0.422,0.0,harness_hendrycksTest_college_medicine_5
open-llm-leaderboard/details_PocketDoc__Dans-RetroRodeo-13b,1,0.0376,0.0,0.5,0.0,0.4624,0.0,harness_hendrycksTest_college_medicine_5
open-llm-leaderboard/details_dhmeltzer__llama-7b-SFT_ds_wiki65k_1024_r_64_alpha_16_merged,1,0.1162,0.0,0.3,0.0,0.4162,0.0,harness_hendrycksTest_college_medicine_5
open-llm-leaderboard/details_togethercomputer__Llama-2-7B-32K-Instruct,1,0.1162,0.0,0.3,0.0,0.4162,0.0,harness_hendrycksTest_college_medicine_5
open-llm-leaderboard/details_PygmalionAI__pygmalion-2-13b,1,0.1566,0.0,0.7,0.0,0.5434,0.0,harness_hendrycksTest_college_medicine_5
open-llm-leaderboard/details_dhmeltzer__Llama-2-13b-hf-ds_wiki_1024_full_r_64_alpha_16_merged,1,0.0855,0.0,0.6,0.0,0.5145,0.0,harness_hendrycksTest_college_medicine_5
open-llm-leaderboard/details_maximuslee07__llama-2-7b-rockwell-final,1,0.022,0.0,0.4,0.0,0.422,0.0,harness_hendrycksTest_college_medicine_5
open-llm-leaderboard/details_hyunseoki__ko-ref-llama2-13b,1,0.1353,0.0,0.2,0.0,0.3353,0.0,harness_hendrycksTest_college_medicine_5
open-llm-leaderboard/details_ehartford__WizardLM-1.0-Uncensored-CodeLlama-34b,1,0.1145,0.0,0.6,0.0,0.4855,0.0,harness_hendrycksTest_college_medicine_5
open-llm-leaderboard/details_jondurbin__airoboros-13b,1,0.0509,0.0,0.4,0.0,0.4509,0.0,harness_hendrycksTest_college_medicine_5
open-llm-leaderboard/details_TFLai__Airboros2.1-Platypus2-13B-QLora-0.80-epoch,1,0.0566,0.0,0.6,0.0,0.5434,0.0,harness_hendrycksTest_college_medicine_5
open-llm-leaderboard/details_TheBloke__tulu-7B-fp16,1,0.1723,0.0,0.6,0.0,0.4277,0.0,harness_hendrycksTest_college_medicine_5
open-llm-leaderboard/details_jondurbin__airoboros-7b-gpt4-1.4.1-qlora,1,0.1064,0.0,0.2,0.0,0.3064,0.0,harness_hendrycksTest_college_medicine_5
open-llm-leaderboard/details_ehartford__Samantha-1.11-CodeLlama-34b,1,0.0855,0.0,0.4,0.0,0.4855,0.0,harness_hendrycksTest_college_medicine_5
open-llm-leaderboard/details_lmsys__vicuna-7b-v1.5,1,0.1145,0.0,0.6,0.0,0.4855,0.0,harness_hendrycksTest_college_medicine_5
open-llm-leaderboard/details_CHIH-HUNG__llama-2-13b-huangyt_Fintune_1_17w-q_k_v_o_proj,1,0.174,0.0,0.3,0.0,0.474,0.0,harness_hendrycksTest_college_medicine_5
open-llm-leaderboard/details_TaylorAI__Flash-Llama-7B,1,0.0277,0.0,0.4,0.0,0.4277,0.0,harness_hendrycksTest_college_medicine_5
open-llm-leaderboard/details_bofenghuang__vigogne-7b-instruct,1,0.1179,0.0,0.2,0.0,0.3179,0.0,harness_hendrycksTest_college_medicine_5
open-llm-leaderboard/details_WizardLM__WizardLM-70B-V1.0,1,0.0474,0.0,0.6,0.0,0.6474,0.0,harness_hendrycksTest_college_medicine_5
open-llm-leaderboard/details_ausboss__llama7b-wizardlm-unfiltered,1,0.089,0.0,0.2,0.0,0.289,0.0,harness_hendrycksTest_college_medicine_5
open-llm-leaderboard/details_mosaicml__mpt-30b-chat,1,0.0145,0.0,0.5,0.0,0.5145,0.0,harness_hendrycksTest_college_medicine_5
open-llm-leaderboard/details_Aspik101__StableBeluga-13B-instruct-PL-lora_unload,1,0.0913,0.0,0.6,0.0,0.5087,0.0,harness_hendrycksTest_college_medicine_5
open-llm-leaderboard/details_wahaha1987__llama_13b_sharegpt94k_fastchat,1,0.078,0.0,0.5,0.0,0.422,0.0,harness_hendrycksTest_college_medicine_5
open-llm-leaderboard/details_klosax__open_llama_13b_600bt_preview,1,0.189,0.0,0.1,0.0,0.289,0.0,harness_hendrycksTest_college_medicine_5
open-llm-leaderboard/details_wenge-research__yayi-7b,1,0.2295,0.0,0.1,0.0,0.3295,0.0,harness_hendrycksTest_college_medicine_5
open-llm-leaderboard/details_Gryphe__MythoMix-L2-13b,1,0.0798,0.0,0.6,0.0,0.5202,0.0,harness_hendrycksTest_college_medicine_5
open-llm-leaderboard/details_kingbri__chronolima-airo-grad-l2-13B,1,0.0971,0.0,0.6,0.0,0.5029,0.0,harness_hendrycksTest_college_medicine_5
open-llm-leaderboard/details_duliadotio__dulia-13b-8k-alpha,1,0.1913,0.0,0.3,0.0,0.4913,0.0,harness_hendrycksTest_college_medicine_5
open-llm-leaderboard/details_OpenBuddyEA__openbuddy-llama-30b-v7.1-bf16,1,0.0798,0.0,0.6,0.0,0.5202,0.0,harness_hendrycksTest_college_medicine_5
open-llm-leaderboard/details_lilloukas__Platypus-30B,1,0.2277,0.0,0.8,0.0,0.5723,0.0,harness_hendrycksTest_college_medicine_5
open-llm-leaderboard/details_TheBloke__OpenOrca-Platypus2-13B-GPTQ,1,0.1607,0.0,0.4,0.0,0.5607,0.0,harness_hendrycksTest_college_medicine_5
open-llm-leaderboard/details_logicker__SkkuDataScienceGlobal-10.7b,1,0.1825,0.0,0.3,0.0,0.4825,0.0,harness_hendrycksTest_econometrics_5
open-llm-leaderboard/details_abacusai__MetaMath-bagel-34b-v0.2-c1500,1,0.3877,0.0,0.2,0.0,0.5877,0.0,harness_hendrycksTest_econometrics_5
open-llm-leaderboard/details_Q-bert__MetaMath-Cybertron-Starling,1,0.1825,0.0,0.3,0.0,0.4825,0.0,harness_hendrycksTest_econometrics_5
open-llm-leaderboard/details_meta-math__MetaMath-Mistral-7B,1,0.1649,0.0,0.3,0.0,0.4649,0.0,harness_hendrycksTest_econometrics_5
open-llm-leaderboard/details_ed001__datascience-coder-6.7b,1,0.1719,0.0,0.1,0.0,0.2719,0.0,harness_hendrycksTest_econometrics_5
open-llm-leaderboard/details_abacusai__Fewshot-Metamath-OrcaVicuna-Mistral,1,0.1772,0.0,0.2,0.0,0.3772,0.0,harness_hendrycksTest_econometrics_5
open-llm-leaderboard/details_rameshm__llama-2-13b-mathgpt-v4,1,0.207,0.0,0.1,0.0,0.307,0.0,harness_hendrycksTest_econometrics_5
open-llm-leaderboard/details_rombodawg__LosslessMegaCoder-llama2-13b-mini,1,0.0982,0.0,0.2,0.0,0.2982,0.0,harness_hendrycksTest_econometrics_5
open-llm-leaderboard/details_jondurbin__airocoder-34b-2.1,1,0.1123,0.0,0.3,0.0,0.4123,0.0,harness_hendrycksTest_econometrics_5
open-llm-leaderboard/details_WizardLM__WizardCoder-Python-7B-V1.0,1,0.1281,0.0,0.4,0.0,0.2719,0.0,harness_hendrycksTest_econometrics_5
open-llm-leaderboard/details_WizardLM__WizardCoder-15B-V1.0,1,0.0105,0.0,0.3,0.0,0.2895,0.0,harness_hendrycksTest_econometrics_5
open-llm-leaderboard/details_bigcode__tiny_starcoder_py,1,0.0368,0.0,0.2,0.0,0.2368,0.0,harness_hendrycksTest_econometrics_5
open-llm-leaderboard/details_FelixChao__vicuna-7B-physics,1,0.1281,0.0,0.1,0.0,0.2281,0.0,harness_hendrycksTest_econometrics_5
open-llm-leaderboard/details_AdaptLLM__law-chat,1,0.0053,0.0,0.4,0.0,0.3947,0.0,harness_hendrycksTest_econometrics_5
open-llm-leaderboard/details_rombodawg__Leaderboard-killer-MoE_4x7b,1,0.1,0.0,0.4,0.0,0.5,0.0,harness_hendrycksTest_econometrics_5
open-llm-leaderboard/details_Swisslex__Mixtral-Orca-v0.1,1,0.0263,0.0,0.5,0.0,0.5263,0.0,harness_hendrycksTest_econometrics_5
open-llm-leaderboard/details_nfaheem__Marcoroni-7b-DPO-Merge,1,0.2,0.0,0.3,0.0,0.5,0.0,harness_hendrycksTest_econometrics_5
open-llm-leaderboard/details_maywell__PiVoT-SUS-RP,1,0.2789,0.0,0.3,0.0,0.5789,0.0,harness_hendrycksTest_econometrics_5
open-llm-leaderboard/details_h2m__mhm-7b-v1.3,1,0.007,0.0,0.3,0.0,0.307,0.0,harness_hendrycksTest_econometrics_5
open-llm-leaderboard/details_AA051611__limb,1,0.4965,0.0,0.1,0.0,0.5965,0.0,harness_hendrycksTest_econometrics_5
open-llm-leaderboard/details_CallComply__zephyr-7b-beta-128k,1,0.1228,0.0,0.5,0.0,0.3772,0.0,harness_hendrycksTest_econometrics_5
open-llm-leaderboard/details_PSanni__MPOMixtral-8x7B-Instruct-v0.1,1,0.4877,0.0,0.1,0.0,0.5877,0.0,harness_hendrycksTest_econometrics_5
open-llm-leaderboard/details_Weyaxi__Bagel-Hermes-2x34b,1,0.3789,0.0,0.2,0.0,0.5789,0.0,harness_hendrycksTest_econometrics_5
open-llm-leaderboard/details_Weyaxi__Bagel-Hermes-34B-Slerp,1,0.4053,0.0,0.2,0.0,0.6053,0.0,harness_hendrycksTest_econometrics_5
open-llm-leaderboard/details_cloudyu__Yi-34Bx3-MoE-90B,1,0.4053,0.0,0.2,0.0,0.6053,0.0,harness_hendrycksTest_econometrics_5
open-llm-leaderboard/details_diffnamehard__Psyfighter2-Noromaid-ties-Capybara-13B,1,0.2895,0.0,0.0,0.0,0.2895,0.0,harness_hendrycksTest_econometrics_5
open-llm-leaderboard/details_udkai__Turdus,1,0.0825,0.0,0.4,0.0,0.4825,0.0,harness_hendrycksTest_econometrics_5
open-llm-leaderboard/details_AA051611__A0110,1,0.3789,0.0,0.2,0.0,0.5789,0.0,harness_hendrycksTest_econometrics_5
open-llm-leaderboard/details_hywu__Camelidae-8x13B,1,0.1246,0.0,0.2,0.0,0.3246,0.0,harness_hendrycksTest_econometrics_5
open-llm-leaderboard/details_osanseviero__mistral-instruct-frankenmerge,1,0.2298,0.0,0.2,0.0,0.4298,0.0,harness_hendrycksTest_econometrics_5
open-llm-leaderboard/details_RatanRohith__MistralBeagle-RS-7B-V0.1,1,0.0175,0.0,0.5,0.0,0.4825,0.0,harness_hendrycksTest_econometrics_5
open-llm-leaderboard/details_cognitivecomputations__yayi2-30b-llama,1,0.1965,0.0,0.4,0.0,0.5965,0.0,harness_hendrycksTest_econometrics_5
open-llm-leaderboard/details_AA051610__A0106,1,0.3351,0.0,0.2,0.0,0.5351,0.0,harness_hendrycksTest_econometrics_5
open-llm-leaderboard/details_jilp00__Hermes-2-SOLAR-10.7B-Symbolic,1,0.1175,0.0,0.4,0.0,0.5175,0.0,harness_hendrycksTest_econometrics_5
open-llm-leaderboard/details_ewqr2130__mistral-se-inst-ppo,1,0.2649,0.0,0.2,0.0,0.4649,0.0,harness_hendrycksTest_econometrics_5
open-llm-leaderboard/details_Mihaiii__Pallas-0.5-LASER-0.1,1,0.3053,0.0,0.3,0.0,0.6053,0.0,harness_hendrycksTest_econometrics_5
open-llm-leaderboard/details_TomGrc__FusionNet_passthrough_v0.1,1,0.1912,0.0,0.3,0.0,0.4912,0.0,harness_hendrycksTest_econometrics_5
open-llm-leaderboard/details_jae24__openhermes_dpo_norobot_0201,1,0.0526,0.0,0.5,0.0,0.4474,0.0,harness_hendrycksTest_econometrics_5
open-llm-leaderboard/details_TomGrc__FusionNet,1,0.2,0.0,0.3,0.0,0.5,0.0,harness_hendrycksTest_econometrics_5
open-llm-leaderboard/details_cognitivecomputations__dolphin-2.2.1-mistral-7b,1,0.2561,0.0,0.2,0.0,0.4561,0.0,harness_hendrycksTest_econometrics_5
open-llm-leaderboard/details_dfurman__Mistral-7B-Instruct-v0.2,1,0.0702,0.0,0.5,0.0,0.4298,0.0,harness_hendrycksTest_econometrics_5
open-llm-leaderboard/details_cognitivecomputations__dolphin-2.2-yi-34b-200k,1,0.2035,0.0,0.2,0.0,0.4035,0.0,harness_hendrycksTest_econometrics_5
open-llm-leaderboard/details_beberik__rawr,1,0.0263,0.0,0.5,0.0,0.4737,0.0,harness_hendrycksTest_econometrics_5
open-llm-leaderboard/details_SuperAGI__SAM,1,0.2298,0.0,0.2,0.0,0.4298,0.0,harness_hendrycksTest_econometrics_5
open-llm-leaderboard/details_jeonsworld__CarbonVillain-en-10.7B-v1,1,0.1825,0.0,0.3,0.0,0.4825,0.0,harness_hendrycksTest_econometrics_5
open-llm-leaderboard/details_bn22__OpenHermes-2.5-Mistral-7B-MISALIGNED,1,0.1912,0.0,0.3,0.0,0.4912,0.0,harness_hendrycksTest_econometrics_5
open-llm-leaderboard/details_VAGOsolutions__SauerkrautLM-Mixtral-8x7B-Instruct,1,0.4053,0.0,0.2,0.0,0.6053,0.0,harness_hendrycksTest_econometrics_5
open-llm-leaderboard/details_acrastt__kalomaze-stuff,1,0.0088,0.0,0.5,0.0,0.5088,0.0,harness_hendrycksTest_econometrics_5
open-llm-leaderboard/details_APMIC__caigun-lora-model-34B-v3,1,0.3877,0.0,0.2,0.0,0.5877,0.0,harness_hendrycksTest_econometrics_5
open-llm-leaderboard/details_xDAN-AI__xDAN-L1Mix-DeepThinking-v2,1,0.2386,0.0,0.2,0.0,0.4386,0.0,harness_hendrycksTest_econometrics_5
open-llm-leaderboard/details_martyn__llama2-megamerge-dare-13b-v2,1,0.0982,0.0,0.2,0.0,0.2982,0.0,harness_hendrycksTest_econometrics_5
open-llm-leaderboard/details_one-man-army__una-neural-chat-v3-3-P2-OMA,1,0.0649,0.0,0.4,0.0,0.4649,0.0,harness_hendrycksTest_econometrics_5
open-llm-leaderboard/details_Dans-DiscountModels__Dans-07YahooAnswers-7b,1,0.0088,0.0,0.5,0.0,0.5088,0.0,harness_hendrycksTest_econometrics_5
open-llm-leaderboard/details_cyberagent__calm2-7b-chat,1,0.0018,0.0,0.3,0.0,0.2982,0.0,harness_hendrycksTest_econometrics_5
open-llm-leaderboard/details_perlthoughts__Chupacabra-7B-v2.03-128k,1,0.2035,0.0,0.2,0.0,0.4035,0.0,harness_hendrycksTest_econometrics_5
open-llm-leaderboard/details_wang7776__Llama-2-7b-chat-hf-10-sparsity,1,0.0316,0.0,0.4,0.0,0.3684,0.0,harness_hendrycksTest_econometrics_5
open-llm-leaderboard/details_ehartford__dolphin-2.2-yi-34b-200k,1,0.2035,0.0,0.2,0.0,0.4035,0.0,harness_hendrycksTest_econometrics_5
open-llm-leaderboard/details_Locutusque__Orca-2-13B-no_robots,1,0.207,0.0,0.1,0.0,0.307,0.0,harness_hendrycksTest_econometrics_5
open-llm-leaderboard/details_haoranxu__ALMA-13B,1,0.0193,0.0,0.3,0.0,0.2807,0.0,harness_hendrycksTest_econometrics_5
open-llm-leaderboard/details_hfl__chinese-alpaca-2-13b-16k,1,0.0719,0.0,0.2,0.0,0.2719,0.0,harness_hendrycksTest_econometrics_5
open-llm-leaderboard/details_WebraftAI__synapsellm-7b-mistral-v0.4-preview3,1,0.0754,0.0,0.4,0.0,0.3246,0.0,harness_hendrycksTest_econometrics_5
open-llm-leaderboard/details_TokenBender__pic_7B_mistral_Full_v0.1,1,0.2825,0.0,0.2,0.0,0.4825,0.0,harness_hendrycksTest_econometrics_5
open-llm-leaderboard/details_migtissera__Tess-7B-v1.4,1,0.2474,0.0,0.2,0.0,0.4474,0.0,harness_hendrycksTest_econometrics_5
open-llm-leaderboard/details_adamo1139__Yi-34B-AEZAKMI-v1,1,0.2088,0.0,0.3,0.0,0.5088,0.0,harness_hendrycksTest_econometrics_5
open-llm-leaderboard/details_Weyaxi__Platypus-Nebula-v2-7B,1,0.0789,0.0,0.5,0.0,0.4211,0.0,harness_hendrycksTest_econometrics_5
open-llm-leaderboard/details_perlthoughts__Chupacabra-7B-v2,1,0.2088,0.0,0.3,0.0,0.5088,0.0,harness_hendrycksTest_econometrics_5
open-llm-leaderboard/details_Intel__neural-chat-7b-v3-1,1,0.1649,0.0,0.3,0.0,0.4649,0.0,harness_hendrycksTest_econometrics_5
open-llm-leaderboard/details_ajibawa-2023__Uncensored-Frank-33B,1,0.2421,0.0,0.1,0.0,0.3421,0.0,harness_hendrycksTest_econometrics_5
open-llm-leaderboard/details_chargoddard__storytime-13b,1,0.2895,0.0,0.0,0.0,0.2895,0.0,harness_hendrycksTest_econometrics_5
open-llm-leaderboard/details_LTC-AI-Labs__L2-7b-Beluga-WVG-Test,1,0.1193,0.0,0.4,0.0,0.2807,0.0,harness_hendrycksTest_econometrics_5
open-llm-leaderboard/details_oh-yeontaek__llama-2-13B-LoRA-assemble,1,0.0596,0.0,0.3,0.0,0.3596,0.0,harness_hendrycksTest_econometrics_5
open-llm-leaderboard/details_Charlie911__vicuna-7b-v1.5-lora-mixed-datasets-time-unit,1,0.1632,0.0,0.1,0.0,0.2632,0.0,harness_hendrycksTest_econometrics_5
open-llm-leaderboard/details_Envoid__Libra-19B,1,0.107,0.0,0.2,0.0,0.307,0.0,harness_hendrycksTest_econometrics_5
open-llm-leaderboard/details_Danielbrdz__Barcenas-13b,1,0.0544,0.0,0.2,0.0,0.2544,0.0,harness_hendrycksTest_econometrics_5
open-llm-leaderboard/details_CHIH-HUNG__llama-2-13b-FINETUNE5_4w-r4-q_k_v_o,1,0.107,0.0,0.2,0.0,0.307,0.0,harness_hendrycksTest_econometrics_5
open-llm-leaderboard/details_KnutJaegersberg__deacon-13b,1,0.1333,0.0,0.2,0.0,0.3333,0.0,harness_hendrycksTest_econometrics_5
open-llm-leaderboard/details_LTC-AI-Labs__L2-7b-Synthia-WVG-Test,1,0.0316,0.0,0.4,0.0,0.3684,0.0,harness_hendrycksTest_econometrics_5
open-llm-leaderboard/details_PocketDoc__Dans-RetroRodeo-13b,1,0.0491,0.0,0.4,0.0,0.3509,0.0,harness_hendrycksTest_econometrics_5
open-llm-leaderboard/details_dhmeltzer__llama-7b-SFT_ds_wiki65k_1024_r_64_alpha_16_merged,1,0.1632,0.0,0.1,0.0,0.2632,0.0,harness_hendrycksTest_econometrics_5
open-llm-leaderboard/details_togethercomputer__Llama-2-7B-32K-Instruct,1,0.0895,0.0,0.2,0.0,0.2895,0.0,harness_hendrycksTest_econometrics_5
open-llm-leaderboard/details_PygmalionAI__pygmalion-2-13b,1,0.1158,0.0,0.2,0.0,0.3158,0.0,harness_hendrycksTest_econometrics_5
open-llm-leaderboard/details_dhmeltzer__Llama-2-13b-hf-ds_wiki_1024_full_r_64_alpha_16_merged,1,0.2246,0.0,0.1,0.0,0.3246,0.0,harness_hendrycksTest_econometrics_5
open-llm-leaderboard/details_maximuslee07__llama-2-7b-rockwell-final,1,0.0491,0.0,0.4,0.0,0.3509,0.0,harness_hendrycksTest_econometrics_5
open-llm-leaderboard/details_hyunseoki__ko-ref-llama2-13b,1,0.1368,0.0,0.4,0.0,0.2632,0.0,harness_hendrycksTest_econometrics_5
open-llm-leaderboard/details_ehartford__WizardLM-1.0-Uncensored-CodeLlama-34b,1,0.1123,0.0,0.3,0.0,0.4123,0.0,harness_hendrycksTest_econometrics_5
open-llm-leaderboard/details_jondurbin__airoboros-13b,1,0.0158,0.0,0.3,0.0,0.3158,0.0,harness_hendrycksTest_econometrics_5
open-llm-leaderboard/details_TFLai__Airboros2.1-Platypus2-13B-QLora-0.80-epoch,1,0.0158,0.0,0.3,0.0,0.3158,0.0,harness_hendrycksTest_econometrics_5
open-llm-leaderboard/details_TheBloke__tulu-7B-fp16,1,0.2895,0.0,0.0,0.0,0.2895,0.0,harness_hendrycksTest_econometrics_5
open-llm-leaderboard/details_jondurbin__airoboros-7b-gpt4-1.4.1-qlora,1,0.0456,0.0,0.2,0.0,0.2456,0.0,harness_hendrycksTest_econometrics_5
open-llm-leaderboard/details_ehartford__Samantha-1.11-CodeLlama-34b,1,0.0035,0.0,0.4,0.0,0.4035,0.0,harness_hendrycksTest_econometrics_5
open-llm-leaderboard/details_lmsys__vicuna-7b-v1.5,1,0.107,0.0,0.2,0.0,0.307,0.0,harness_hendrycksTest_econometrics_5
open-llm-leaderboard/details_CHIH-HUNG__llama-2-13b-huangyt_Fintune_1_17w-q_k_v_o_proj,1,0.1807,0.0,0.1,0.0,0.2807,0.0,harness_hendrycksTest_econometrics_5
open-llm-leaderboard/details_TaylorAI__Flash-Llama-7B,1,0.0807,0.0,0.2,0.0,0.2807,0.0,harness_hendrycksTest_econometrics_5
open-llm-leaderboard/details_bofenghuang__vigogne-7b-instruct,1,0.0632,0.0,0.2,0.0,0.2632,0.0,harness_hendrycksTest_econometrics_5
open-llm-leaderboard/details_WizardLM__WizardLM-70B-V1.0,1,0.3737,0.0,0.1,0.0,0.4737,0.0,harness_hendrycksTest_econometrics_5
open-llm-leaderboard/details_ausboss__llama7b-wizardlm-unfiltered,1,0.0719,0.0,0.2,0.0,0.2719,0.0,harness_hendrycksTest_econometrics_5
open-llm-leaderboard/details_mosaicml__mpt-30b-chat,1,0.0193,0.0,0.3,0.0,0.2807,0.0,harness_hendrycksTest_econometrics_5
open-llm-leaderboard/details_Aspik101__StableBeluga-13B-instruct-PL-lora_unload,1,0.1982,0.0,0.1,0.0,0.2982,0.0,harness_hendrycksTest_econometrics_5
open-llm-leaderboard/details_wahaha1987__llama_13b_sharegpt94k_fastchat,1,0.007,0.0,0.3,0.0,0.307,0.0,harness_hendrycksTest_econometrics_5
open-llm-leaderboard/details_klosax__open_llama_13b_600bt_preview,1,0.0105,0.0,0.3,0.0,0.2895,0.0,harness_hendrycksTest_econometrics_5
open-llm-leaderboard/details_wenge-research__yayi-7b,1,0.1456,0.0,0.1,0.0,0.2456,0.0,harness_hendrycksTest_econometrics_5
open-llm-leaderboard/details_Gryphe__MythoMix-L2-13b,1,0.1982,0.0,0.1,0.0,0.2982,0.0,harness_hendrycksTest_econometrics_5
open-llm-leaderboard/details_kingbri__chronolima-airo-grad-l2-13B,1,0.1895,0.0,0.1,0.0,0.2895,0.0,harness_hendrycksTest_econometrics_5
open-llm-leaderboard/details_duliadotio__dulia-13b-8k-alpha,1,0.1632,0.0,0.1,0.0,0.2632,0.0,harness_hendrycksTest_econometrics_5
open-llm-leaderboard/details_OpenBuddyEA__openbuddy-llama-30b-v7.1-bf16,1,0.1684,0.0,0.2,0.0,0.3684,0.0,harness_hendrycksTest_econometrics_5
open-llm-leaderboard/details_lilloukas__Platypus-30B,1,0.1596,0.0,0.2,0.0,0.3596,0.0,harness_hendrycksTest_econometrics_5
open-llm-leaderboard/details_TheBloke__OpenOrca-Platypus2-13B-GPTQ,1,0.0246,0.0,0.3,0.0,0.3246,0.0,harness_hendrycksTest_econometrics_5
open-llm-leaderboard/details_logicker__SkkuDataScienceGlobal-10.7b,1,0.113,0.0,0.9,0.0,0.787,0.0,harness_hendrycksTest_prehistory_5
open-llm-leaderboard/details_abacusai__MetaMath-bagel-34b-v0.2-c1500,1,0.0636,0.0,0.9,0.0,0.8364,0.0,harness_hendrycksTest_prehistory_5
open-llm-leaderboard/details_Q-bert__MetaMath-Cybertron-Starling,1,0.0469,0.0,0.8,0.0,0.7531,0.0,harness_hendrycksTest_prehistory_5
open-llm-leaderboard/details_meta-math__MetaMath-Mistral-7B,1,0.0037,0.0,0.7,0.0,0.7037,0.0,harness_hendrycksTest_prehistory_5
open-llm-leaderboard/details_ed001__datascience-coder-6.7b,1,0.0056,0.0,0.3,0.0,0.3056,0.0,harness_hendrycksTest_prehistory_5
open-llm-leaderboard/details_abacusai__Fewshot-Metamath-OrcaVicuna-Mistral,1,0.0963,0.0,0.8,0.0,0.7037,0.0,harness_hendrycksTest_prehistory_5
open-llm-leaderboard/details_rameshm__llama-2-13b-mathgpt-v4,1,0.0815,0.0,0.4,0.0,0.4815,0.0,harness_hendrycksTest_prehistory_5
open-llm-leaderboard/details_rombodawg__LosslessMegaCoder-llama2-13b-mini,1,0.1512,0.0,0.5,0.0,0.6512,0.0,harness_hendrycksTest_prehistory_5
open-llm-leaderboard/details_jondurbin__airocoder-34b-2.1,1,0.0414,0.0,0.6,0.0,0.5586,0.0,harness_hendrycksTest_prehistory_5
open-llm-leaderboard/details_WizardLM__WizardCoder-Python-7B-V1.0,1,0.1148,0.0,0.2,0.0,0.3148,0.0,harness_hendrycksTest_prehistory_5
open-llm-leaderboard/details_WizardLM__WizardCoder-15B-V1.0,1,0.113,0.0,0.4,0.0,0.287,0.0,harness_hendrycksTest_prehistory_5
open-llm-leaderboard/details_bigcode__tiny_starcoder_py,1,0.1253,0.0,0.1,0.0,0.2253,0.0,harness_hendrycksTest_prehistory_5
open-llm-leaderboard/details_FelixChao__vicuna-7B-physics,1,0.2815,0.0,0.2,0.0,0.4815,0.0,harness_hendrycksTest_prehistory_5
open-llm-leaderboard/details_AdaptLLM__law-chat,1,0.1432,0.0,0.4,0.0,0.5432,0.0,harness_hendrycksTest_prehistory_5
open-llm-leaderboard/details_rombodawg__Leaderboard-killer-MoE_4x7b,1,0.0562,0.0,0.8,0.0,0.7438,0.0,harness_hendrycksTest_prehistory_5
open-llm-leaderboard/details_Swisslex__Mixtral-Orca-v0.1,1,0.0253,0.0,0.8,0.0,0.7747,0.0,harness_hendrycksTest_prehistory_5
open-llm-leaderboard/details_nfaheem__Marcoroni-7b-DPO-Merge,1,0.0531,0.0,0.7,0.0,0.7531,0.0,harness_hendrycksTest_prehistory_5
open-llm-leaderboard/details_maywell__PiVoT-SUS-RP,1,0.0296,0.0,0.9,0.0,0.8704,0.0,harness_hendrycksTest_prehistory_5
open-llm-leaderboard/details_h2m__mhm-7b-v1.3,1,0.0907,0.0,0.6,0.0,0.5093,0.0,harness_hendrycksTest_prehistory_5
open-llm-leaderboard/details_AA051611__limb,1,0.0883,0.0,0.9,0.0,0.8117,0.0,harness_hendrycksTest_prehistory_5
open-llm-leaderboard/details_CallComply__zephyr-7b-beta-128k,1,0.0383,0.0,0.6,0.0,0.5617,0.0,harness_hendrycksTest_prehistory_5
open-llm-leaderboard/details_PSanni__MPOMixtral-8x7B-Instruct-v0.1,1,0.0759,0.0,0.9,0.0,0.8241,0.0,harness_hendrycksTest_prehistory_5
open-llm-leaderboard/details_Weyaxi__Bagel-Hermes-2x34b,1,0.108,0.0,1.0,0.0,0.892,0.0,harness_hendrycksTest_prehistory_5
open-llm-leaderboard/details_Weyaxi__Bagel-Hermes-34B-Slerp,1,0.1173,0.0,1.0,0.0,0.8827,0.0,harness_hendrycksTest_prehistory_5
open-llm-leaderboard/details_cloudyu__Yi-34Bx3-MoE-90B,1,0.1142,0.0,1.0,0.0,0.8858,0.0,harness_hendrycksTest_prehistory_5
open-llm-leaderboard/details_diffnamehard__Psyfighter2-Noromaid-ties-Capybara-13B,1,0.0765,0.0,0.7,0.0,0.6235,0.0,harness_hendrycksTest_prehistory_5
open-llm-leaderboard/details_udkai__Turdus,1,0.05,0.0,0.7,0.0,0.75,0.0,harness_hendrycksTest_prehistory_5
open-llm-leaderboard/details_AA051611__A0110,1,0.0698,0.0,0.9,0.0,0.8302,0.0,harness_hendrycksTest_prehistory_5
open-llm-leaderboard/details_hywu__Camelidae-8x13B,1,0.0389,0.0,0.6,0.0,0.6389,0.0,harness_hendrycksTest_prehistory_5
open-llm-leaderboard/details_osanseviero__mistral-instruct-frankenmerge,1,0.1148,0.0,0.8,0.0,0.6852,0.0,harness_hendrycksTest_prehistory_5
open-llm-leaderboard/details_RatanRohith__MistralBeagle-RS-7B-V0.1,1,0.0438,0.0,0.7,0.0,0.7438,0.0,harness_hendrycksTest_prehistory_5
open-llm-leaderboard/details_cognitivecomputations__yayi2-30b-llama,1,0.1531,0.0,0.9,0.0,0.7469,0.0,harness_hendrycksTest_prehistory_5
open-llm-leaderboard/details_AA051610__A0106,1,0.0605,0.0,0.9,0.0,0.8395,0.0,harness_hendrycksTest_prehistory_5
open-llm-leaderboard/details_jilp00__Hermes-2-SOLAR-10.7B-Symbolic,1,0.2377,0.0,1.0,0.0,0.7623,0.0,harness_hendrycksTest_prehistory_5
open-llm-leaderboard/details_ewqr2130__mistral-se-inst-ppo,1,0.0728,0.0,0.6,0.0,0.6728,0.0,harness_hendrycksTest_prehistory_5
open-llm-leaderboard/details_Mihaiii__Pallas-0.5-LASER-0.1,1,0.1296,0.0,1.0,0.0,0.8704,0.0,harness_hendrycksTest_prehistory_5
open-llm-leaderboard/details_TomGrc__FusionNet_passthrough_v0.1,1,0.1222,0.0,0.9,0.0,0.7778,0.0,harness_hendrycksTest_prehistory_5
open-llm-leaderboard/details_jae24__openhermes_dpo_norobot_0201,1,0.1654,0.0,0.9,0.0,0.7346,0.0,harness_hendrycksTest_prehistory_5
open-llm-leaderboard/details_TomGrc__FusionNet,1,0.116,0.0,0.9,0.0,0.784,0.0,harness_hendrycksTest_prehistory_5
open-llm-leaderboard/details_cognitivecomputations__dolphin-2.2.1-mistral-7b,1,0.0963,0.0,0.8,0.0,0.7037,0.0,harness_hendrycksTest_prehistory_5
open-llm-leaderboard/details_dfurman__Mistral-7B-Instruct-v0.2,1,0.2025,0.0,0.9,0.0,0.6975,0.0,harness_hendrycksTest_prehistory_5
open-llm-leaderboard/details_cognitivecomputations__dolphin-2.2-yi-34b-200k,1,0.1988,0.0,0.4,0.0,0.5988,0.0,harness_hendrycksTest_prehistory_5
open-llm-leaderboard/details_beberik__rawr,1,0.1531,0.0,0.9,0.0,0.7469,0.0,harness_hendrycksTest_prehistory_5
open-llm-leaderboard/details_SuperAGI__SAM,1,0.0747,0.0,0.8,0.0,0.7253,0.0,harness_hendrycksTest_prehistory_5
open-llm-leaderboard/details_jeonsworld__CarbonVillain-en-10.7B-v1,1,0.1191,0.0,0.9,0.0,0.7809,0.0,harness_hendrycksTest_prehistory_5
open-llm-leaderboard/details_bn22__OpenHermes-2.5-Mistral-7B-MISALIGNED,1,0.15,0.0,0.9,0.0,0.75,0.0,harness_hendrycksTest_prehistory_5
open-llm-leaderboard/details_VAGOsolutions__SauerkrautLM-Mixtral-8x7B-Instruct,1,0.0605,0.0,0.9,0.0,0.8395,0.0,harness_hendrycksTest_prehistory_5
open-llm-leaderboard/details_acrastt__kalomaze-stuff,1,0.0778,0.0,0.8,0.0,0.7222,0.0,harness_hendrycksTest_prehistory_5
open-llm-leaderboard/details_APMIC__caigun-lora-model-34B-v3,1,0.1389,0.0,1.0,0.0,0.8611,0.0,harness_hendrycksTest_prehistory_5
open-llm-leaderboard/details_xDAN-AI__xDAN-L1Mix-DeepThinking-v2,1,0.1086,0.0,0.8,0.0,0.6914,0.0,harness_hendrycksTest_prehistory_5
open-llm-leaderboard/details_martyn__llama2-megamerge-dare-13b-v2,1,0.0228,0.0,0.6,0.0,0.5772,0.0,harness_hendrycksTest_prehistory_5
open-llm-leaderboard/details_one-man-army__una-neural-chat-v3-3-P2-OMA,1,0.0099,0.0,0.7,0.0,0.7099,0.0,harness_hendrycksTest_prehistory_5
open-llm-leaderboard/details_Dans-DiscountModels__Dans-07YahooAnswers-7b,1,0.0685,0.0,0.8,0.0,0.7315,0.0,harness_hendrycksTest_prehistory_5
open-llm-leaderboard/details_cyberagent__calm2-7b-chat,1,0.0105,0.0,0.4,0.0,0.4105,0.0,harness_hendrycksTest_prehistory_5
open-llm-leaderboard/details_perlthoughts__Chupacabra-7B-v2.03-128k,1,0.1685,0.0,0.9,0.0,0.7315,0.0,harness_hendrycksTest_prehistory_5
open-llm-leaderboard/details_wang7776__Llama-2-7b-chat-hf-10-sparsity,1,0.171,0.0,0.4,0.0,0.571,0.0,harness_hendrycksTest_prehistory_5
open-llm-leaderboard/details_ehartford__dolphin-2.2-yi-34b-200k,1,0.2019,0.0,0.4,0.0,0.6019,0.0,harness_hendrycksTest_prehistory_5
open-llm-leaderboard/details_Locutusque__Orca-2-13B-no_robots,1,0.084,0.0,0.8,0.0,0.716,0.0,harness_hendrycksTest_prehistory_5
open-llm-leaderboard/details_haoranxu__ALMA-13B,1,0.029,0.0,0.6,0.0,0.571,0.0,harness_hendrycksTest_prehistory_5
open-llm-leaderboard/details_hfl__chinese-alpaca-2-13b-16k,1,0.0352,0.0,0.6,0.0,0.5648,0.0,harness_hendrycksTest_prehistory_5
open-llm-leaderboard/details_WebraftAI__synapsellm-7b-mistral-v0.4-preview3,1,0.0154,0.0,0.5,0.0,0.5154,0.0,harness_hendrycksTest_prehistory_5
open-llm-leaderboard/details_TokenBender__pic_7B_mistral_Full_v0.1,1,0.0975,0.0,0.6,0.0,0.6975,0.0,harness_hendrycksTest_prehistory_5
open-llm-leaderboard/details_migtissera__Tess-7B-v1.4,1,0.0636,0.0,0.6,0.0,0.6636,0.0,harness_hendrycksTest_prehistory_5
open-llm-leaderboard/details_adamo1139__Yi-34B-AEZAKMI-v1,1,0.1759,0.0,1.0,0.0,0.8241,0.0,harness_hendrycksTest_prehistory_5
open-llm-leaderboard/details_Weyaxi__Platypus-Nebula-v2-7B,1,0.121,0.0,0.8,0.0,0.679,0.0,harness_hendrycksTest_prehistory_5
open-llm-leaderboard/details_perlthoughts__Chupacabra-7B-v2,1,0.0037,0.0,0.7,0.0,0.7037,0.0,harness_hendrycksTest_prehistory_5
open-llm-leaderboard/details_Intel__neural-chat-7b-v3-1,1,0.1191,0.0,0.6,0.0,0.7191,0.0,harness_hendrycksTest_prehistory_5
open-llm-leaderboard/details_ajibawa-2023__Uncensored-Frank-33B,1,0.1395,0.0,0.8,0.0,0.6605,0.0,harness_hendrycksTest_prehistory_5
open-llm-leaderboard/details_chargoddard__storytime-13b,1,0.0481,0.0,0.6,0.0,0.6481,0.0,harness_hendrycksTest_prehistory_5
open-llm-leaderboard/details_LTC-AI-Labs__L2-7b-Beluga-WVG-Test,1,0.0648,0.0,0.5,0.0,0.5648,0.0,harness_hendrycksTest_prehistory_5
open-llm-leaderboard/details_oh-yeontaek__llama-2-13B-LoRA-assemble,1,0.084,0.0,0.8,0.0,0.716,0.0,harness_hendrycksTest_prehistory_5
open-llm-leaderboard/details_Charlie911__vicuna-7b-v1.5-lora-mixed-datasets-time-unit,1,0.234,0.0,0.3,0.0,0.534,0.0,harness_hendrycksTest_prehistory_5
open-llm-leaderboard/details_Envoid__Libra-19B,1,0.1142,0.0,0.5,0.0,0.6142,0.0,harness_hendrycksTest_prehistory_5
open-llm-leaderboard/details_Danielbrdz__Barcenas-13b,1,0.0636,0.0,0.6,0.0,0.6636,0.0,harness_hendrycksTest_prehistory_5
open-llm-leaderboard/details_CHIH-HUNG__llama-2-13b-FINETUNE5_4w-r4-q_k_v_o,1,0.0043,0.0,0.6,0.0,0.5957,0.0,harness_hendrycksTest_prehistory_5
open-llm-leaderboard/details_KnutJaegersberg__deacon-13b,1,0.0605,0.0,0.6,0.0,0.6605,0.0,harness_hendrycksTest_prehistory_5
open-llm-leaderboard/details_LTC-AI-Labs__L2-7b-Synthia-WVG-Test,1,0.2401,0.0,0.3,0.0,0.5401,0.0,harness_hendrycksTest_prehistory_5
open-llm-leaderboard/details_PocketDoc__Dans-RetroRodeo-13b,1,0.0031,0.0,0.5,0.0,0.4969,0.0,harness_hendrycksTest_prehistory_5
open-llm-leaderboard/details_dhmeltzer__llama-7b-SFT_ds_wiki65k_1024_r_64_alpha_16_merged,1,0.163,0.0,0.3,0.0,0.463,0.0,harness_hendrycksTest_prehistory_5
open-llm-leaderboard/details_togethercomputer__Llama-2-7B-32K-Instruct,1,0.063,0.0,0.6,0.0,0.537,0.0,harness_hendrycksTest_prehistory_5
open-llm-leaderboard/details_PygmalionAI__pygmalion-2-13b,1,0.0358,0.0,0.6,0.0,0.6358,0.0,harness_hendrycksTest_prehistory_5
open-llm-leaderboard/details_dhmeltzer__Llama-2-13b-hf-ds_wiki_1024_full_r_64_alpha_16_merged,1,0.1549,0.0,0.8,0.0,0.6451,0.0,harness_hendrycksTest_prehistory_5
open-llm-leaderboard/details_maximuslee07__llama-2-7b-rockwell-final,1,0.1432,0.0,0.4,0.0,0.5432,0.0,harness_hendrycksTest_prehistory_5
open-llm-leaderboard/details_hyunseoki__ko-ref-llama2-13b,1,0.208,0.0,0.6,0.0,0.392,0.0,harness_hendrycksTest_prehistory_5
open-llm-leaderboard/details_ehartford__WizardLM-1.0-Uncensored-CodeLlama-34b,1,0.2136,0.0,0.8,0.0,0.5864,0.0,harness_hendrycksTest_prehistory_5
open-llm-leaderboard/details_jondurbin__airoboros-13b,1,0.0537,0.0,0.6,0.0,0.5463,0.0,harness_hendrycksTest_prehistory_5
open-llm-leaderboard/details_TFLai__Airboros2.1-Platypus2-13B-QLora-0.80-epoch,1,0.1611,0.0,0.8,0.0,0.6389,0.0,harness_hendrycksTest_prehistory_5
open-llm-leaderboard/details_TheBloke__tulu-7B-fp16,1,0.063,0.0,0.6,0.0,0.537,0.0,harness_hendrycksTest_prehistory_5
open-llm-leaderboard/details_jondurbin__airoboros-7b-gpt4-1.4.1-qlora,1,0.1259,0.0,0.3,0.0,0.4259,0.0,harness_hendrycksTest_prehistory_5
open-llm-leaderboard/details_ehartford__Samantha-1.11-CodeLlama-34b,1,0.1951,0.0,0.8,0.0,0.6049,0.0,harness_hendrycksTest_prehistory_5
open-llm-leaderboard/details_lmsys__vicuna-7b-v1.5,1,0.1617,0.0,0.4,0.0,0.5617,0.0,harness_hendrycksTest_prehistory_5
open-llm-leaderboard/details_CHIH-HUNG__llama-2-13b-huangyt_Fintune_1_17w-q_k_v_o_proj,1,0.1389,0.0,0.5,0.0,0.6389,0.0,harness_hendrycksTest_prehistory_5
open-llm-leaderboard/details_TaylorAI__Flash-Llama-7B,1,0.1877,0.0,0.3,0.0,0.4877,0.0,harness_hendrycksTest_prehistory_5
open-llm-leaderboard/details_bofenghuang__vigogne-7b-instruct,1,0.163,0.0,0.3,0.0,0.463,0.0,harness_hendrycksTest_prehistory_5
open-llm-leaderboard/details_WizardLM__WizardLM-70B-V1.0,1,0.0932,0.0,0.8,0.0,0.7068,0.0,harness_hendrycksTest_prehistory_5
open-llm-leaderboard/details_ausboss__llama7b-wizardlm-unfiltered,1,0.0951,0.0,0.3,0.0,0.3951,0.0,harness_hendrycksTest_prehistory_5
open-llm-leaderboard/details_mosaicml__mpt-30b-chat,1,0.1833,0.0,0.4,0.0,0.5833,0.0,harness_hendrycksTest_prehistory_5
open-llm-leaderboard/details_Aspik101__StableBeluga-13B-instruct-PL-lora_unload,1,0.0481,0.0,0.6,0.0,0.6481,0.0,harness_hendrycksTest_prehistory_5
open-llm-leaderboard/details_wahaha1987__llama_13b_sharegpt94k_fastchat,1,0.0525,0.0,0.5,0.0,0.5525,0.0,harness_hendrycksTest_prehistory_5
open-llm-leaderboard/details_klosax__open_llama_13b_600bt_preview,1,0.042,0.0,0.4,0.0,0.358,0.0,harness_hendrycksTest_prehistory_5
open-llm-leaderboard/details_wenge-research__yayi-7b,1,0.0765,0.0,0.3,0.0,0.3765,0.0,harness_hendrycksTest_prehistory_5
open-llm-leaderboard/details_Gryphe__MythoMix-L2-13b,1,0.0327,0.0,0.6,0.0,0.6327,0.0,harness_hendrycksTest_prehistory_5
open-llm-leaderboard/details_kingbri__chronolima-airo-grad-l2-13B,1,0.0204,0.0,0.6,0.0,0.6204,0.0,harness_hendrycksTest_prehistory_5
open-llm-leaderboard/details_duliadotio__dulia-13b-8k-alpha,1,0.0698,0.0,0.6,0.0,0.6698,0.0,harness_hendrycksTest_prehistory_5
open-llm-leaderboard/details_OpenBuddyEA__openbuddy-llama-30b-v7.1-bf16,1,0.0605,0.0,0.6,0.0,0.6605,0.0,harness_hendrycksTest_prehistory_5
open-llm-leaderboard/details_lilloukas__Platypus-30B,1,0.2469,0.0,0.5,0.0,0.7469,0.0,harness_hendrycksTest_prehistory_5
open-llm-leaderboard/details_TheBloke__OpenOrca-Platypus2-13B-GPTQ,1,0.0963,0.0,0.8,0.0,0.7037,0.0,harness_hendrycksTest_prehistory_5
open-llm-leaderboard/details_logicker__SkkuDataScienceGlobal-10.7b,1,0.07,0.0,0.5,0.0,0.43,0.0,harness_hendrycksTest_abstract_algebra_5
open-llm-leaderboard/details_abacusai__MetaMath-bagel-34b-v0.2-c1500,1,0.14,0.0,0.3,0.0,0.44,0.0,harness_hendrycksTest_abstract_algebra_5
open-llm-leaderboard/details_Q-bert__MetaMath-Cybertron-Starling,1,0.05,0.0,0.3,0.0,0.35,0.0,harness_hendrycksTest_abstract_algebra_5
open-llm-leaderboard/details_meta-math__MetaMath-Mistral-7B,1,0.03,0.0,0.2,0.0,0.23,0.0,harness_hendrycksTest_abstract_algebra_5
open-llm-leaderboard/details_ed001__datascience-coder-6.7b,1,0.22,0.0,0.5,0.0,0.28,0.0,harness_hendrycksTest_abstract_algebra_5
open-llm-leaderboard/details_abacusai__Fewshot-Metamath-OrcaVicuna-Mistral,1,0.15,0.0,0.4,0.0,0.25,0.0,harness_hendrycksTest_abstract_algebra_5
open-llm-leaderboard/details_rameshm__llama-2-13b-mathgpt-v4,1,0.09,0.0,0.4,0.0,0.31,0.0,harness_hendrycksTest_abstract_algebra_5
open-llm-leaderboard/details_rombodawg__LosslessMegaCoder-llama2-13b-mini,1,0.01,0.0,0.4,0.0,0.41,0.0,harness_hendrycksTest_abstract_algebra_5
open-llm-leaderboard/details_jondurbin__airocoder-34b-2.1,1,0.07,0.0,0.3,0.0,0.37,0.0,harness_hendrycksTest_abstract_algebra_5
open-llm-leaderboard/details_WizardLM__WizardCoder-Python-7B-V1.0,1,0.11,0.0,0.4,0.0,0.29,0.0,harness_hendrycksTest_abstract_algebra_5
open-llm-leaderboard/details_WizardLM__WizardCoder-15B-V1.0,1,0.06,0.0,0.4,0.0,0.34,0.0,harness_hendrycksTest_abstract_algebra_5
open-llm-leaderboard/details_bigcode__tiny_starcoder_py,1,0.2,0.0,0.4,0.0,0.2,0.0,harness_hendrycksTest_abstract_algebra_5
open-llm-leaderboard/details_FelixChao__vicuna-7B-physics,1,0.21,0.0,0.5,0.0,0.29,0.0,harness_hendrycksTest_abstract_algebra_5
open-llm-leaderboard/details_AdaptLLM__law-chat,1,0.09,0.0,0.4,0.0,0.31,0.0,harness_hendrycksTest_abstract_algebra_5
open-llm-leaderboard/details_rombodawg__Leaderboard-killer-MoE_4x7b,1,0.14,0.0,0.5,0.0,0.36,0.0,harness_hendrycksTest_abstract_algebra_5
open-llm-leaderboard/details_Swisslex__Mixtral-Orca-v0.1,1,0.09,0.0,0.4,0.0,0.31,0.0,harness_hendrycksTest_abstract_algebra_5
open-llm-leaderboard/details_nfaheem__Marcoroni-7b-DPO-Merge,1,0.12,0.0,0.2,0.0,0.32,0.0,harness_hendrycksTest_abstract_algebra_5
open-llm-leaderboard/details_maywell__PiVoT-SUS-RP,1,0.11,0.0,0.3,0.0,0.41,0.0,harness_hendrycksTest_abstract_algebra_5
open-llm-leaderboard/details_h2m__mhm-7b-v1.3,1,0.02,0.0,0.2,0.0,0.22,0.0,harness_hendrycksTest_abstract_algebra_5
open-llm-leaderboard/details_AA051611__limb,1,0.27,0.0,0.2,0.0,0.47,0.0,harness_hendrycksTest_abstract_algebra_5
open-llm-leaderboard/details_CallComply__zephyr-7b-beta-128k,1,0.02,0.0,0.2,0.0,0.22,0.0,harness_hendrycksTest_abstract_algebra_5
open-llm-leaderboard/details_PSanni__MPOMixtral-8x7B-Instruct-v0.1,1,0.04,0.0,0.3,0.0,0.34,0.0,harness_hendrycksTest_abstract_algebra_5
open-llm-leaderboard/details_Weyaxi__Bagel-Hermes-2x34b,1,0.1,0.0,0.4,0.0,0.5,0.0,harness_hendrycksTest_abstract_algebra_5
open-llm-leaderboard/details_Weyaxi__Bagel-Hermes-34B-Slerp,1,0.09,0.0,0.4,0.0,0.49,0.0,harness_hendrycksTest_abstract_algebra_5
open-llm-leaderboard/details_cloudyu__Yi-34Bx3-MoE-90B,1,0.18,0.0,0.3,0.0,0.48,0.0,harness_hendrycksTest_abstract_algebra_5
open-llm-leaderboard/details_diffnamehard__Psyfighter2-Noromaid-ties-Capybara-13B,1,0.04,0.0,0.4,0.0,0.36,0.0,harness_hendrycksTest_abstract_algebra_5
open-llm-leaderboard/details_udkai__Turdus,1,0.04,0.0,0.3,0.0,0.34,0.0,harness_hendrycksTest_abstract_algebra_5
open-llm-leaderboard/details_AA051611__A0110,1,0.01,0.0,0.4,0.0,0.41,0.0,harness_hendrycksTest_abstract_algebra_5
open-llm-leaderboard/details_hywu__Camelidae-8x13B,1,0.18,0.0,0.5,0.0,0.32,0.0,harness_hendrycksTest_abstract_algebra_5
open-llm-leaderboard/details_osanseviero__mistral-instruct-frankenmerge,1,0.07,0.0,0.2,0.0,0.27,0.0,harness_hendrycksTest_abstract_algebra_5
open-llm-leaderboard/details_RatanRohith__MistralBeagle-RS-7B-V0.1,1,0.19,0.0,0.1,0.0,0.29,0.0,harness_hendrycksTest_abstract_algebra_5
open-llm-leaderboard/details_cognitivecomputations__yayi2-30b-llama,1,0.07,0.0,0.5,0.0,0.43,0.0,harness_hendrycksTest_abstract_algebra_5
open-llm-leaderboard/details_AA051610__A0106,1,0.07,0.0,0.5,0.0,0.43,0.0,harness_hendrycksTest_abstract_algebra_5
open-llm-leaderboard/details_jilp00__Hermes-2-SOLAR-10.7B-Symbolic,1,0.04,0.0,0.3,0.0,0.34,0.0,harness_hendrycksTest_abstract_algebra_5
open-llm-leaderboard/details_ewqr2130__mistral-se-inst-ppo,1,0.27,0.0,0.6,0.0,0.33,0.0,harness_hendrycksTest_abstract_algebra_5
open-llm-leaderboard/details_Mihaiii__Pallas-0.5-LASER-0.1,1,0.07,0.0,0.4,0.0,0.47,0.0,harness_hendrycksTest_abstract_algebra_5
open-llm-leaderboard/details_TomGrc__FusionNet_passthrough_v0.1,1,0.35,0.0,0.7,0.0,0.35,0.0,harness_hendrycksTest_abstract_algebra_5
open-llm-leaderboard/details_jae24__openhermes_dpo_norobot_0201,1,0.03,0.0,0.3,0.0,0.27,0.0,harness_hendrycksTest_abstract_algebra_5
open-llm-leaderboard/details_TomGrc__FusionNet,1,0.06,0.0,0.5,0.0,0.44,0.0,harness_hendrycksTest_abstract_algebra_5
open-llm-leaderboard/details_cognitivecomputations__dolphin-2.2.1-mistral-7b,1,0.03,0.0,0.3,0.0,0.27,0.0,harness_hendrycksTest_abstract_algebra_5
open-llm-leaderboard/details_dfurman__Mistral-7B-Instruct-v0.2,1,0.1,0.0,0.4,0.0,0.3,0.0,harness_hendrycksTest_abstract_algebra_5
open-llm-leaderboard/details_cognitivecomputations__dolphin-2.2-yi-34b-200k,1,0.18,0.0,0.5,0.0,0.32,0.0,harness_hendrycksTest_abstract_algebra_5
open-llm-leaderboard/details_beberik__rawr,1,0.12,0.0,0.4,0.0,0.28,0.0,harness_hendrycksTest_abstract_algebra_5
open-llm-leaderboard/details_SuperAGI__SAM,1,0.01,0.0,0.3,0.0,0.31,0.0,harness_hendrycksTest_abstract_algebra_5
open-llm-leaderboard/details_jeonsworld__CarbonVillain-en-10.7B-v1,1,0.08,0.0,0.5,0.0,0.42,0.0,harness_hendrycksTest_abstract_algebra_5
open-llm-leaderboard/details_bn22__OpenHermes-2.5-Mistral-7B-MISALIGNED,1,0.04,0.0,0.3,0.0,0.34,0.0,harness_hendrycksTest_abstract_algebra_5
open-llm-leaderboard/details_VAGOsolutions__SauerkrautLM-Mixtral-8x7B-Instruct,1,0.0,0.0,0.4,0.0,0.4,0.0,harness_hendrycksTest_abstract_algebra_5
open-llm-leaderboard/details_acrastt__kalomaze-stuff,1,0.13,0.0,0.4,0.0,0.27,0.0,harness_hendrycksTest_abstract_algebra_5
open-llm-leaderboard/details_APMIC__caigun-lora-model-34B-v3,1,0.07,0.0,0.5,0.0,0.43,0.0,harness_hendrycksTest_abstract_algebra_5
open-llm-leaderboard/details_xDAN-AI__xDAN-L1Mix-DeepThinking-v2,1,0.07,0.0,0.4,0.0,0.33,0.0,harness_hendrycksTest_abstract_algebra_5
open-llm-leaderboard/details_martyn__llama2-megamerge-dare-13b-v2,1,0.24,0.0,0.6,0.0,0.36,0.0,harness_hendrycksTest_abstract_algebra_5
open-llm-leaderboard/details_one-man-army__una-neural-chat-v3-3-P2-OMA,1,0.01,0.0,0.3,0.0,0.31,0.0,harness_hendrycksTest_abstract_algebra_5
open-llm-leaderboard/details_Dans-DiscountModels__Dans-07YahooAnswers-7b,1,0.09,0.0,0.4,0.0,0.31,0.0,harness_hendrycksTest_abstract_algebra_5
open-llm-leaderboard/details_cyberagent__calm2-7b-chat,1,0.03,0.0,0.3,0.0,0.27,0.0,harness_hendrycksTest_abstract_algebra_5
open-llm-leaderboard/details_perlthoughts__Chupacabra-7B-v2.03-128k,1,0.02,0.0,0.4,0.0,0.38,0.0,harness_hendrycksTest_abstract_algebra_5
open-llm-leaderboard/details_wang7776__Llama-2-7b-chat-hf-10-sparsity,1,0.0,0.0,0.3,0.0,0.3,0.0,harness_hendrycksTest_abstract_algebra_5
open-llm-leaderboard/details_ehartford__dolphin-2.2-yi-34b-200k,1,0.18,0.0,0.5,0.0,0.32,0.0,harness_hendrycksTest_abstract_algebra_5
open-llm-leaderboard/details_Locutusque__Orca-2-13B-no_robots,1,0.01,0.0,0.3,0.0,0.31,0.0,harness_hendrycksTest_abstract_algebra_5
open-llm-leaderboard/details_haoranxu__ALMA-13B,1,0.23,0.0,0.5,0.0,0.27,0.0,harness_hendrycksTest_abstract_algebra_5
open-llm-leaderboard/details_hfl__chinese-alpaca-2-13b-16k,1,0.03,0.0,0.3,0.0,0.33,0.0,harness_hendrycksTest_abstract_algebra_5
open-llm-leaderboard/details_WebraftAI__synapsellm-7b-mistral-v0.4-preview3,1,0.1,0.0,0.2,0.0,0.3,0.0,harness_hendrycksTest_abstract_algebra_5
open-llm-leaderboard/details_TokenBender__pic_7B_mistral_Full_v0.1,1,0.12,0.0,0.4,0.0,0.28,0.0,harness_hendrycksTest_abstract_algebra_5
open-llm-leaderboard/details_migtissera__Tess-7B-v1.4,1,0.15,0.0,0.5,0.0,0.35,0.0,harness_hendrycksTest_abstract_algebra_5
open-llm-leaderboard/details_adamo1139__Yi-34B-AEZAKMI-v1,1,0.04,0.0,0.3,0.0,0.34,0.0,harness_hendrycksTest_abstract_algebra_5
open-llm-leaderboard/details_Weyaxi__Platypus-Nebula-v2-7B,1,0.01,0.0,0.3,0.0,0.31,0.0,harness_hendrycksTest_abstract_algebra_5
open-llm-leaderboard/details_perlthoughts__Chupacabra-7B-v2,1,0.05,0.0,0.2,0.0,0.25,0.0,harness_hendrycksTest_abstract_algebra_5
open-llm-leaderboard/details_Intel__neural-chat-7b-v3-1,1,0.01,0.0,0.3,0.0,0.29,0.0,harness_hendrycksTest_abstract_algebra_5
open-llm-leaderboard/details_ajibawa-2023__Uncensored-Frank-33B,1,0.01,0.0,0.3,0.0,0.29,0.0,harness_hendrycksTest_abstract_algebra_5
open-llm-leaderboard/details_chargoddard__storytime-13b,1,0.24,0.0,0.6,0.0,0.36,0.0,harness_hendrycksTest_abstract_algebra_5
open-llm-leaderboard/details_LTC-AI-Labs__L2-7b-Beluga-WVG-Test,1,0.12,0.0,0.4,0.0,0.28,0.0,harness_hendrycksTest_abstract_algebra_5
open-llm-leaderboard/details_oh-yeontaek__llama-2-13B-LoRA-assemble,1,0.0,0.0,0.3,0.0,0.3,0.0,harness_hendrycksTest_abstract_algebra_5
open-llm-leaderboard/details_Charlie911__vicuna-7b-v1.5-lora-mixed-datasets-time-unit,1,0.11,0.0,0.4,0.0,0.29,0.0,harness_hendrycksTest_abstract_algebra_5
open-llm-leaderboard/details_Envoid__Libra-19B,1,0.1,0.0,0.3,0.0,0.4,0.0,harness_hendrycksTest_abstract_algebra_5
open-llm-leaderboard/details_Danielbrdz__Barcenas-13b,1,0.0,0.0,0.3,0.0,0.3,0.0,harness_hendrycksTest_abstract_algebra_5
open-llm-leaderboard/details_CHIH-HUNG__llama-2-13b-FINETUNE5_4w-r4-q_k_v_o,1,0.09,0.0,0.2,0.0,0.29,0.0,harness_hendrycksTest_abstract_algebra_5
open-llm-leaderboard/details_KnutJaegersberg__deacon-13b,1,0.05,0.0,0.4,0.0,0.35,0.0,harness_hendrycksTest_abstract_algebra_5
open-llm-leaderboard/details_LTC-AI-Labs__L2-7b-Synthia-WVG-Test,1,0.13,0.0,0.4,0.0,0.27,0.0,harness_hendrycksTest_abstract_algebra_5
open-llm-leaderboard/details_PocketDoc__Dans-RetroRodeo-13b,1,0.17,0.0,0.4,0.0,0.23,0.0,harness_hendrycksTest_abstract_algebra_5
open-llm-leaderboard/details_dhmeltzer__llama-7b-SFT_ds_wiki65k_1024_r_64_alpha_16_merged,1,0.02,0.0,0.3,0.0,0.32,0.0,harness_hendrycksTest_abstract_algebra_5
open-llm-leaderboard/details_togethercomputer__Llama-2-7B-32K-Instruct,1,0.2,0.0,0.5,0.0,0.3,0.0,harness_hendrycksTest_abstract_algebra_5
open-llm-leaderboard/details_PygmalionAI__pygmalion-2-13b,1,0.13,0.0,0.2,0.0,0.33,0.0,harness_hendrycksTest_abstract_algebra_5
open-llm-leaderboard/details_dhmeltzer__Llama-2-13b-hf-ds_wiki_1024_full_r_64_alpha_16_merged,1,0.02,0.0,0.3,0.0,0.32,0.0,harness_hendrycksTest_abstract_algebra_5
open-llm-leaderboard/details_maximuslee07__llama-2-7b-rockwell-final,1,0.01,0.0,0.3,0.0,0.31,0.0,harness_hendrycksTest_abstract_algebra_5
open-llm-leaderboard/details_hyunseoki__ko-ref-llama2-13b,1,0.01,0.0,0.3,0.0,0.29,0.0,harness_hendrycksTest_abstract_algebra_5
open-llm-leaderboard/details_ehartford__WizardLM-1.0-Uncensored-CodeLlama-34b,1,0.21,0.0,0.5,0.0,0.29,0.0,harness_hendrycksTest_abstract_algebra_5
open-llm-leaderboard/details_jondurbin__airoboros-13b,1,0.0,0.0,0.3,0.0,0.3,0.0,harness_hendrycksTest_abstract_algebra_5
open-llm-leaderboard/details_TFLai__Airboros2.1-Platypus2-13B-QLora-0.80-epoch,1,0.08,0.0,0.2,0.0,0.28,0.0,harness_hendrycksTest_abstract_algebra_5
open-llm-leaderboard/details_TheBloke__tulu-7B-fp16,1,0.06,0.0,0.3,0.0,0.24,0.0,harness_hendrycksTest_abstract_algebra_5
open-llm-leaderboard/details_jondurbin__airoboros-7b-gpt4-1.4.1-qlora,1,0.03,0.0,0.3,0.0,0.27,0.0,harness_hendrycksTest_abstract_algebra_5
open-llm-leaderboard/details_ehartford__Samantha-1.11-CodeLlama-34b,1,0.24,0.0,0.1,0.0,0.34,0.0,harness_hendrycksTest_abstract_algebra_5
open-llm-leaderboard/details_lmsys__vicuna-7b-v1.5,1,0.11,0.0,0.4,0.0,0.29,0.0,harness_hendrycksTest_abstract_algebra_5
open-llm-leaderboard/details_CHIH-HUNG__llama-2-13b-huangyt_Fintune_1_17w-q_k_v_o_proj,1,0.07,0.0,0.4,0.0,0.33,0.0,harness_hendrycksTest_abstract_algebra_5
open-llm-leaderboard/details_TaylorAI__Flash-Llama-7B,1,0.1,0.0,0.4,0.0,0.3,0.0,harness_hendrycksTest_abstract_algebra_5
open-llm-leaderboard/details_bofenghuang__vigogne-7b-instruct,1,0.12,0.0,0.4,0.0,0.28,0.0,harness_hendrycksTest_abstract_algebra_5
open-llm-leaderboard/details_WizardLM__WizardLM-70B-V1.0,1,0.2,0.0,0.1,0.0,0.3,0.0,harness_hendrycksTest_abstract_algebra_5
open-llm-leaderboard/details_ausboss__llama7b-wizardlm-unfiltered,1,0.03,0.0,0.2,0.0,0.23,0.0,harness_hendrycksTest_abstract_algebra_5
open-llm-leaderboard/details_mosaicml__mpt-30b-chat,1,0.0,0.0,0.3,0.0,0.3,0.0,harness_hendrycksTest_abstract_algebra_5
open-llm-leaderboard/details_Aspik101__StableBeluga-13B-instruct-PL-lora_unload,1,0.17,0.0,0.5,0.0,0.33,0.0,harness_hendrycksTest_abstract_algebra_5
open-llm-leaderboard/details_wahaha1987__llama_13b_sharegpt94k_fastchat,1,0.01,0.0,0.3,0.0,0.31,0.0,harness_hendrycksTest_abstract_algebra_5
open-llm-leaderboard/details_klosax__open_llama_13b_600bt_preview,1,0.14,0.0,0.2,0.0,0.34,0.0,harness_hendrycksTest_abstract_algebra_5
open-llm-leaderboard/details_wenge-research__yayi-7b,1,0.01,0.0,0.3,0.0,0.29,0.0,harness_hendrycksTest_abstract_algebra_5
open-llm-leaderboard/details_Gryphe__MythoMix-L2-13b,1,0.27,0.0,0.6,0.0,0.33,0.0,harness_hendrycksTest_abstract_algebra_5
open-llm-leaderboard/details_kingbri__chronolima-airo-grad-l2-13B,1,0.23,0.0,0.6,0.0,0.37,0.0,harness_hendrycksTest_abstract_algebra_5
open-llm-leaderboard/details_duliadotio__dulia-13b-8k-alpha,1,0.05,0.0,0.3,0.0,0.35,0.0,harness_hendrycksTest_abstract_algebra_5
open-llm-leaderboard/details_OpenBuddyEA__openbuddy-llama-30b-v7.1-bf16,1,0.15,0.0,0.5,0.0,0.35,0.0,harness_hendrycksTest_abstract_algebra_5
open-llm-leaderboard/details_lilloukas__Platypus-30B,1,0.08,0.0,0.4,0.0,0.32,0.0,harness_hendrycksTest_abstract_algebra_5
open-llm-leaderboard/details_TheBloke__OpenOrca-Platypus2-13B-GPTQ,1,0.03,0.0,0.3,0.0,0.27,0.0,harness_hendrycksTest_abstract_algebra_5
open-llm-leaderboard/details_logicker__SkkuDataScienceGlobal-10.7b,1,0.1161,0.0,0.7,0.0,0.8161,0.0,harness_hendrycksTest_high_school_biology_5
open-llm-leaderboard/details_abacusai__MetaMath-bagel-34b-v0.2-c1500,1,0.0161,0.0,0.9,0.0,0.8839,0.0,harness_hendrycksTest_high_school_biology_5
open-llm-leaderboard/details_Q-bert__MetaMath-Cybertron-Starling,1,0.129,0.0,0.9,0.0,0.771,0.0,harness_hendrycksTest_high_school_biology_5
open-llm-leaderboard/details_meta-math__MetaMath-Mistral-7B,1,0.0774,0.0,0.8,0.0,0.7226,0.0,harness_hendrycksTest_high_school_biology_5
open-llm-leaderboard/details_ed001__datascience-coder-6.7b,1,0.1806,0.0,0.2,0.0,0.3806,0.0,harness_hendrycksTest_high_school_biology_5
open-llm-leaderboard/details_abacusai__Fewshot-Metamath-OrcaVicuna-Mistral,1,0.0323,0.0,0.8,0.0,0.7677,0.0,harness_hendrycksTest_high_school_biology_5
open-llm-leaderboard/details_rameshm__llama-2-13b-mathgpt-v4,1,0.1935,0.0,0.7,0.0,0.5065,0.0,harness_hendrycksTest_high_school_biology_5
open-llm-leaderboard/details_rombodawg__LosslessMegaCoder-llama2-13b-mini,1,0.0806,0.0,0.8,0.0,0.7194,0.0,harness_hendrycksTest_high_school_biology_5
open-llm-leaderboard/details_jondurbin__airocoder-34b-2.1,1,0.0968,0.0,0.5,0.0,0.5968,0.0,harness_hendrycksTest_high_school_biology_5
open-llm-leaderboard/details_WizardLM__WizardCoder-Python-7B-V1.0,1,0.0161,0.0,0.3,0.0,0.2839,0.0,harness_hendrycksTest_high_school_biology_5
open-llm-leaderboard/details_WizardLM__WizardCoder-15B-V1.0,1,0.0581,0.0,0.2,0.0,0.2581,0.0,harness_hendrycksTest_high_school_biology_5
open-llm-leaderboard/details_bigcode__tiny_starcoder_py,1,0.0903,0.0,0.4,0.0,0.3097,0.0,harness_hendrycksTest_high_school_biology_5
open-llm-leaderboard/details_FelixChao__vicuna-7B-physics,1,0.0032,0.0,0.5,0.0,0.4968,0.0,harness_hendrycksTest_high_school_biology_5
open-llm-leaderboard/details_AdaptLLM__law-chat,1,0.0581,0.0,0.6,0.0,0.5419,0.0,harness_hendrycksTest_high_school_biology_5
open-llm-leaderboard/details_rombodawg__Leaderboard-killer-MoE_4x7b,1,0.0258,0.0,0.8,0.0,0.7742,0.0,harness_hendrycksTest_high_school_biology_5
open-llm-leaderboard/details_Swisslex__Mixtral-Orca-v0.1,1,0.0161,0.0,0.8,0.0,0.7839,0.0,harness_hendrycksTest_high_school_biology_5
open-llm-leaderboard/details_nfaheem__Marcoroni-7b-DPO-Merge,1,0.0032,0.0,0.8,0.0,0.7968,0.0,harness_hendrycksTest_high_school_biology_5
open-llm-leaderboard/details_maywell__PiVoT-SUS-RP,1,0.0065,0.0,0.9,0.0,0.8935,0.0,harness_hendrycksTest_high_school_biology_5
open-llm-leaderboard/details_h2m__mhm-7b-v1.3,1,0.2065,0.0,0.7,0.0,0.4935,0.0,harness_hendrycksTest_high_school_biology_5
open-llm-leaderboard/details_AA051611__limb,1,0.0548,0.0,0.9,0.0,0.8452,0.0,harness_hendrycksTest_high_school_biology_5
open-llm-leaderboard/details_CallComply__zephyr-7b-beta-128k,1,0.0548,0.0,0.6,0.0,0.6548,0.0,harness_hendrycksTest_high_school_biology_5
open-llm-leaderboard/details_PSanni__MPOMixtral-8x7B-Instruct-v0.1,1,0.2387,0.0,0.6,0.0,0.8387,0.0,harness_hendrycksTest_high_school_biology_5
open-llm-leaderboard/details_Weyaxi__Bagel-Hermes-2x34b,1,0.0032,0.0,0.9,0.0,0.9032,0.0,harness_hendrycksTest_high_school_biology_5
open-llm-leaderboard/details_Weyaxi__Bagel-Hermes-34B-Slerp,1,0.1097,0.0,0.8,0.0,0.9097,0.0,harness_hendrycksTest_high_school_biology_5
open-llm-leaderboard/details_cloudyu__Yi-34Bx3-MoE-90B,1,0.0,0.0,0.9,0.0,0.9,0.0,harness_hendrycksTest_high_school_biology_5
open-llm-leaderboard/details_diffnamehard__Psyfighter2-Noromaid-ties-Capybara-13B,1,0.129,0.0,0.8,0.0,0.671,0.0,harness_hendrycksTest_high_school_biology_5
open-llm-leaderboard/details_udkai__Turdus,1,0.0226,0.0,0.8,0.0,0.7774,0.0,harness_hendrycksTest_high_school_biology_5
open-llm-leaderboard/details_AA051611__A0110,1,0.0226,0.0,0.9,0.0,0.8774,0.0,harness_hendrycksTest_high_school_biology_5
open-llm-leaderboard/details_hywu__Camelidae-8x13B,1,0.1387,0.0,0.8,0.0,0.6613,0.0,harness_hendrycksTest_high_school_biology_5
open-llm-leaderboard/details_osanseviero__mistral-instruct-frankenmerge,1,0.0871,0.0,0.7,0.0,0.6129,0.0,harness_hendrycksTest_high_school_biology_5
open-llm-leaderboard/details_RatanRohith__MistralBeagle-RS-7B-V0.1,1,0.0581,0.0,0.7,0.0,0.7581,0.0,harness_hendrycksTest_high_school_biology_5
open-llm-leaderboard/details_cognitivecomputations__yayi2-30b-llama,1,0.0839,0.0,0.8,0.0,0.7161,0.0,harness_hendrycksTest_high_school_biology_5
open-llm-leaderboard/details_AA051610__A0106,1,0.029,0.0,0.9,0.0,0.871,0.0,harness_hendrycksTest_high_school_biology_5
open-llm-leaderboard/details_jilp00__Hermes-2-SOLAR-10.7B-Symbolic,1,0.1903,0.0,0.6,0.0,0.7903,0.0,harness_hendrycksTest_high_school_biology_5
open-llm-leaderboard/details_ewqr2130__mistral-se-inst-ppo,1,0.0129,0.0,0.7,0.0,0.7129,0.0,harness_hendrycksTest_high_school_biology_5
open-llm-leaderboard/details_Mihaiii__Pallas-0.5-LASER-0.1,1,0.0,0.0,0.9,0.0,0.9,0.0,harness_hendrycksTest_high_school_biology_5
open-llm-leaderboard/details_TomGrc__FusionNet_passthrough_v0.1,1,0.2871,0.0,0.5,0.0,0.7871,0.0,harness_hendrycksTest_high_school_biology_5
open-llm-leaderboard/details_jae24__openhermes_dpo_norobot_0201,1,0.0387,0.0,0.8,0.0,0.7613,0.0,harness_hendrycksTest_high_school_biology_5
open-llm-leaderboard/details_TomGrc__FusionNet,1,0.1194,0.0,0.7,0.0,0.8194,0.0,harness_hendrycksTest_high_school_biology_5
open-llm-leaderboard/details_cognitivecomputations__dolphin-2.2.1-mistral-7b,1,0.0226,0.0,0.8,0.0,0.7774,0.0,harness_hendrycksTest_high_school_biology_5
open-llm-leaderboard/details_dfurman__Mistral-7B-Instruct-v0.2,1,0.0774,0.0,0.8,0.0,0.7226,0.0,harness_hendrycksTest_high_school_biology_5
open-llm-leaderboard/details_cognitivecomputations__dolphin-2.2-yi-34b-200k,1,0.1258,0.0,0.8,0.0,0.6742,0.0,harness_hendrycksTest_high_school_biology_5
open-llm-leaderboard/details_beberik__rawr,1,0.0161,0.0,0.8,0.0,0.7839,0.0,harness_hendrycksTest_high_school_biology_5
open-llm-leaderboard/details_SuperAGI__SAM,1,0.1387,0.0,0.6,0.0,0.7387,0.0,harness_hendrycksTest_high_school_biology_5
open-llm-leaderboard/details_jeonsworld__CarbonVillain-en-10.7B-v1,1,0.1258,0.0,0.7,0.0,0.8258,0.0,harness_hendrycksTest_high_school_biology_5
open-llm-leaderboard/details_bn22__OpenHermes-2.5-Mistral-7B-MISALIGNED,1,0.0968,0.0,0.7,0.0,0.7968,0.0,harness_hendrycksTest_high_school_biology_5
open-llm-leaderboard/details_VAGOsolutions__SauerkrautLM-Mixtral-8x7B-Instruct,1,0.0452,0.0,0.9,0.0,0.8548,0.0,harness_hendrycksTest_high_school_biology_5
open-llm-leaderboard/details_acrastt__kalomaze-stuff,1,0.0452,0.0,0.8,0.0,0.7548,0.0,harness_hendrycksTest_high_school_biology_5
open-llm-leaderboard/details_APMIC__caigun-lora-model-34B-v3,1,0.0871,0.0,0.8,0.0,0.8871,0.0,harness_hendrycksTest_high_school_biology_5
open-llm-leaderboard/details_xDAN-AI__xDAN-L1Mix-DeepThinking-v2,1,0.0839,0.0,0.6,0.0,0.6839,0.0,harness_hendrycksTest_high_school_biology_5
open-llm-leaderboard/details_martyn__llama2-megamerge-dare-13b-v2,1,0.0613,0.0,0.7,0.0,0.6387,0.0,harness_hendrycksTest_high_school_biology_5
open-llm-leaderboard/details_one-man-army__una-neural-chat-v3-3-P2-OMA,1,0.1452,0.0,0.9,0.0,0.7548,0.0,harness_hendrycksTest_high_school_biology_5
open-llm-leaderboard/details_Dans-DiscountModels__Dans-07YahooAnswers-7b,1,0.0613,0.0,0.8,0.0,0.7387,0.0,harness_hendrycksTest_high_school_biology_5
open-llm-leaderboard/details_cyberagent__calm2-7b-chat,1,0.1677,0.0,0.2,0.0,0.3677,0.0,harness_hendrycksTest_high_school_biology_5
open-llm-leaderboard/details_perlthoughts__Chupacabra-7B-v2.03-128k,1,0.129,0.0,0.9,0.0,0.771,0.0,harness_hendrycksTest_high_school_biology_5
open-llm-leaderboard/details_wang7776__Llama-2-7b-chat-hf-10-sparsity,1,0.0742,0.0,0.6,0.0,0.5258,0.0,harness_hendrycksTest_high_school_biology_5
open-llm-leaderboard/details_ehartford__dolphin-2.2-yi-34b-200k,1,0.1194,0.0,0.8,0.0,0.6806,0.0,harness_hendrycksTest_high_school_biology_5
open-llm-leaderboard/details_Locutusque__Orca-2-13B-no_robots,1,0.0226,0.0,0.7,0.0,0.7226,0.0,harness_hendrycksTest_high_school_biology_5
open-llm-leaderboard/details_haoranxu__ALMA-13B,1,0.071,0.0,0.5,0.0,0.571,0.0,harness_hendrycksTest_high_school_biology_5
open-llm-leaderboard/details_hfl__chinese-alpaca-2-13b-16k,1,0.2258,0.0,0.8,0.0,0.5742,0.0,harness_hendrycksTest_high_school_biology_5
open-llm-leaderboard/details_WebraftAI__synapsellm-7b-mistral-v0.4-preview3,1,0.1452,0.0,0.8,0.0,0.6548,0.0,harness_hendrycksTest_high_school_biology_5
open-llm-leaderboard/details_TokenBender__pic_7B_mistral_Full_v0.1,1,0.0,0.0,0.8,0.0,0.8,0.0,harness_hendrycksTest_high_school_biology_5
open-llm-leaderboard/details_migtissera__Tess-7B-v1.4,1,0.1774,0.0,0.9,0.0,0.7226,0.0,harness_hendrycksTest_high_school_biology_5
open-llm-leaderboard/details_adamo1139__Yi-34B-AEZAKMI-v1,1,0.0032,0.0,0.9,0.0,0.8968,0.0,harness_hendrycksTest_high_school_biology_5
open-llm-leaderboard/details_Weyaxi__Platypus-Nebula-v2-7B,1,0.1387,0.0,0.8,0.0,0.6613,0.0,harness_hendrycksTest_high_school_biology_5
open-llm-leaderboard/details_perlthoughts__Chupacabra-7B-v2,1,0.029,0.0,0.8,0.0,0.771,0.0,harness_hendrycksTest_high_school_biology_5
open-llm-leaderboard/details_Intel__neural-chat-7b-v3-1,1,0.029,0.0,0.8,0.0,0.771,0.0,harness_hendrycksTest_high_school_biology_5
open-llm-leaderboard/details_ajibawa-2023__Uncensored-Frank-33B,1,0.0355,0.0,0.7,0.0,0.6645,0.0,harness_hendrycksTest_high_school_biology_5
open-llm-leaderboard/details_chargoddard__storytime-13b,1,0.0548,0.0,0.7,0.0,0.6452,0.0,harness_hendrycksTest_high_school_biology_5
open-llm-leaderboard/details_LTC-AI-Labs__L2-7b-Beluga-WVG-Test,1,0.1387,0.0,0.7,0.0,0.5613,0.0,harness_hendrycksTest_high_school_biology_5
open-llm-leaderboard/details_oh-yeontaek__llama-2-13B-LoRA-assemble,1,0.029,0.0,0.7,0.0,0.671,0.0,harness_hendrycksTest_high_school_biology_5
open-llm-leaderboard/details_Charlie911__vicuna-7b-v1.5-lora-mixed-datasets-time-unit,1,0.1452,0.0,0.7,0.0,0.5548,0.0,harness_hendrycksTest_high_school_biology_5
open-llm-leaderboard/details_Envoid__Libra-19B,1,0.1323,0.0,0.8,0.0,0.6677,0.0,harness_hendrycksTest_high_school_biology_5
open-llm-leaderboard/details_Danielbrdz__Barcenas-13b,1,0.0613,0.0,0.6,0.0,0.6613,0.0,harness_hendrycksTest_high_school_biology_5
open-llm-leaderboard/details_CHIH-HUNG__llama-2-13b-FINETUNE5_4w-r4-q_k_v_o,1,0.1387,0.0,0.8,0.0,0.6613,0.0,harness_hendrycksTest_high_school_biology_5
open-llm-leaderboard/details_KnutJaegersberg__deacon-13b,1,0.1355,0.0,0.8,0.0,0.6645,0.0,harness_hendrycksTest_high_school_biology_5
open-llm-leaderboard/details_LTC-AI-Labs__L2-7b-Synthia-WVG-Test,1,0.071,0.0,0.6,0.0,0.529,0.0,harness_hendrycksTest_high_school_biology_5
open-llm-leaderboard/details_PocketDoc__Dans-RetroRodeo-13b,1,0.0065,0.0,0.6,0.0,0.6065,0.0,harness_hendrycksTest_high_school_biology_5
open-llm-leaderboard/details_dhmeltzer__llama-7b-SFT_ds_wiki65k_1024_r_64_alpha_16_merged,1,0.0065,0.0,0.5,0.0,0.5065,0.0,harness_hendrycksTest_high_school_biology_5
open-llm-leaderboard/details_togethercomputer__Llama-2-7B-32K-Instruct,1,0.0194,0.0,0.5,0.0,0.5194,0.0,harness_hendrycksTest_high_school_biology_5
open-llm-leaderboard/details_PygmalionAI__pygmalion-2-13b,1,0.1484,0.0,0.8,0.0,0.6516,0.0,harness_hendrycksTest_high_school_biology_5
open-llm-leaderboard/details_dhmeltzer__Llama-2-13b-hf-ds_wiki_1024_full_r_64_alpha_16_merged,1,0.0355,0.0,0.7,0.0,0.6645,0.0,harness_hendrycksTest_high_school_biology_5
open-llm-leaderboard/details_maximuslee07__llama-2-7b-rockwell-final,1,0.0097,0.0,0.5,0.0,0.5097,0.0,harness_hendrycksTest_high_school_biology_5
open-llm-leaderboard/details_hyunseoki__ko-ref-llama2-13b,1,0.0419,0.0,0.3,0.0,0.3419,0.0,harness_hendrycksTest_high_school_biology_5
open-llm-leaderboard/details_ehartford__WizardLM-1.0-Uncensored-CodeLlama-34b,1,0.1968,0.0,0.8,0.0,0.6032,0.0,harness_hendrycksTest_high_school_biology_5
open-llm-leaderboard/details_jondurbin__airoboros-13b,1,0.2419,0.0,0.8,0.0,0.5581,0.0,harness_hendrycksTest_high_school_biology_5
open-llm-leaderboard/details_TFLai__Airboros2.1-Platypus2-13B-QLora-0.80-epoch,1,0.0129,0.0,0.6,0.0,0.6129,0.0,harness_hendrycksTest_high_school_biology_5
open-llm-leaderboard/details_TheBloke__tulu-7B-fp16,1,0.2194,0.0,0.7,0.0,0.4806,0.0,harness_hendrycksTest_high_school_biology_5
open-llm-leaderboard/details_jondurbin__airoboros-7b-gpt4-1.4.1-qlora,1,0.2387,0.0,0.6,0.0,0.3613,0.0,harness_hendrycksTest_high_school_biology_5
open-llm-leaderboard/details_ehartford__Samantha-1.11-CodeLlama-34b,1,0.2097,0.0,0.8,0.0,0.5903,0.0,harness_hendrycksTest_high_school_biology_5
open-llm-leaderboard/details_lmsys__vicuna-7b-v1.5,1,0.1613,0.0,0.7,0.0,0.5387,0.0,harness_hendrycksTest_high_school_biology_5
open-llm-leaderboard/details_CHIH-HUNG__llama-2-13b-huangyt_Fintune_1_17w-q_k_v_o_proj,1,0.1516,0.0,0.8,0.0,0.6484,0.0,harness_hendrycksTest_high_school_biology_5
open-llm-leaderboard/details_TaylorAI__Flash-Llama-7B,1,0.0,0.0,0.5,0.0,0.5,0.0,harness_hendrycksTest_high_school_biology_5
open-llm-leaderboard/details_bofenghuang__vigogne-7b-instruct,1,0.0,0.0,0.4,0.0,0.4,0.0,harness_hendrycksTest_high_school_biology_5
open-llm-leaderboard/details_WizardLM__WizardLM-70B-V1.0,1,0.0645,0.0,0.7,0.0,0.7645,0.0,harness_hendrycksTest_high_school_biology_5
open-llm-leaderboard/details_ausboss__llama7b-wizardlm-unfiltered,1,0.0548,0.0,0.3,0.0,0.3548,0.0,harness_hendrycksTest_high_school_biology_5
open-llm-leaderboard/details_mosaicml__mpt-30b-chat,1,0.0806,0.0,0.7,0.0,0.6194,0.0,harness_hendrycksTest_high_school_biology_5
open-llm-leaderboard/details_Aspik101__StableBeluga-13B-instruct-PL-lora_unload,1,0.1387,0.0,0.8,0.0,0.6613,0.0,harness_hendrycksTest_high_school_biology_5
open-llm-leaderboard/details_wahaha1987__llama_13b_sharegpt94k_fastchat,1,0.1065,0.0,0.7,0.0,0.5935,0.0,harness_hendrycksTest_high_school_biology_5
open-llm-leaderboard/details_klosax__open_llama_13b_600bt_preview,1,0.1226,0.0,0.4,0.0,0.2774,0.0,harness_hendrycksTest_high_school_biology_5
open-llm-leaderboard/details_wenge-research__yayi-7b,1,0.0355,0.0,0.3,0.0,0.3355,0.0,harness_hendrycksTest_high_school_biology_5
open-llm-leaderboard/details_Gryphe__MythoMix-L2-13b,1,0.1548,0.0,0.8,0.0,0.6452,0.0,harness_hendrycksTest_high_school_biology_5
open-llm-leaderboard/details_kingbri__chronolima-airo-grad-l2-13B,1,0.1581,0.0,0.8,0.0,0.6419,0.0,harness_hendrycksTest_high_school_biology_5
open-llm-leaderboard/details_duliadotio__dulia-13b-8k-alpha,1,0.0161,0.0,0.7,0.0,0.6839,0.0,harness_hendrycksTest_high_school_biology_5
open-llm-leaderboard/details_OpenBuddyEA__openbuddy-llama-30b-v7.1-bf16,1,0.0323,0.0,0.7,0.0,0.6677,0.0,harness_hendrycksTest_high_school_biology_5
open-llm-leaderboard/details_lilloukas__Platypus-30B,1,0.0484,0.0,0.8,0.0,0.7516,0.0,harness_hendrycksTest_high_school_biology_5
open-llm-leaderboard/details_TheBloke__OpenOrca-Platypus2-13B-GPTQ,1,0.0226,0.0,0.7,0.0,0.6774,0.0,harness_hendrycksTest_high_school_biology_5
open-llm-leaderboard/details_logicker__SkkuDataScienceGlobal-10.7b,1,0.1708,0.0,0.6,0.0,0.7708,0.0,harness_hendrycksTest_college_biology_5
open-llm-leaderboard/details_abacusai__MetaMath-bagel-34b-v0.2-c1500,1,0.0903,0.0,1.0,0.0,0.9097,0.0,harness_hendrycksTest_college_biology_5
open-llm-leaderboard/details_Q-bert__MetaMath-Cybertron-Starling,1,0.0639,0.0,0.7,0.0,0.7639,0.0,harness_hendrycksTest_college_biology_5
open-llm-leaderboard/details_meta-math__MetaMath-Mistral-7B,1,0.2083,0.0,0.5,0.0,0.7083,0.0,harness_hendrycksTest_college_biology_5
open-llm-leaderboard/details_ed001__datascience-coder-6.7b,1,0.0472,0.0,0.3,0.0,0.3472,0.0,harness_hendrycksTest_college_biology_5
open-llm-leaderboard/details_abacusai__Fewshot-Metamath-OrcaVicuna-Mistral,1,0.1736,0.0,0.5,0.0,0.6736,0.0,harness_hendrycksTest_college_biology_5
open-llm-leaderboard/details_rameshm__llama-2-13b-mathgpt-v4,1,0.0625,0.0,0.5,0.0,0.4375,0.0,harness_hendrycksTest_college_biology_5
open-llm-leaderboard/details_rombodawg__LosslessMegaCoder-llama2-13b-mini,1,0.0028,0.0,0.6,0.0,0.5972,0.0,harness_hendrycksTest_college_biology_5
open-llm-leaderboard/details_jondurbin__airocoder-34b-2.1,1,0.1306,0.0,0.3,0.0,0.4306,0.0,harness_hendrycksTest_college_biology_5
open-llm-leaderboard/details_WizardLM__WizardCoder-Python-7B-V1.0,1,0.1222,0.0,0.4,0.0,0.2778,0.0,harness_hendrycksTest_college_biology_5
open-llm-leaderboard/details_WizardLM__WizardCoder-15B-V1.0,1,0.2944,0.0,0.6,0.0,0.3056,0.0,harness_hendrycksTest_college_biology_5
open-llm-leaderboard/details_bigcode__tiny_starcoder_py,1,0.0431,0.0,0.3,0.0,0.2569,0.0,harness_hendrycksTest_college_biology_5
open-llm-leaderboard/details_FelixChao__vicuna-7B-physics,1,0.0347,0.0,0.5,0.0,0.4653,0.0,harness_hendrycksTest_college_biology_5
open-llm-leaderboard/details_AdaptLLM__law-chat,1,0.2278,0.0,0.3,0.0,0.5278,0.0,harness_hendrycksTest_college_biology_5
open-llm-leaderboard/details_rombodawg__Leaderboard-killer-MoE_4x7b,1,0.1431,0.0,0.6,0.0,0.7431,0.0,harness_hendrycksTest_college_biology_5
open-llm-leaderboard/details_Swisslex__Mixtral-Orca-v0.1,1,0.3569,0.0,0.4,0.0,0.7569,0.0,harness_hendrycksTest_college_biology_5
open-llm-leaderboard/details_nfaheem__Marcoroni-7b-DPO-Merge,1,0.05,0.0,0.7,0.0,0.75,0.0,harness_hendrycksTest_college_biology_5
open-llm-leaderboard/details_maywell__PiVoT-SUS-RP,1,0.0097,0.0,0.9,0.0,0.9097,0.0,harness_hendrycksTest_college_biology_5
open-llm-leaderboard/details_h2m__mhm-7b-v1.3,1,0.0667,0.0,0.4,0.0,0.3333,0.0,harness_hendrycksTest_college_biology_5
open-llm-leaderboard/details_AA051611__limb,1,0.0944,0.0,0.9,0.0,0.8056,0.0,harness_hendrycksTest_college_biology_5
open-llm-leaderboard/details_CallComply__zephyr-7b-beta-128k,1,0.3458,0.0,0.3,0.0,0.6458,0.0,harness_hendrycksTest_college_biology_5
open-llm-leaderboard/details_PSanni__MPOMixtral-8x7B-Instruct-v0.1,1,0.0056,0.0,0.8,0.0,0.8056,0.0,harness_hendrycksTest_college_biology_5
open-llm-leaderboard/details_Weyaxi__Bagel-Hermes-2x34b,1,0.0903,0.0,1.0,0.0,0.9097,0.0,harness_hendrycksTest_college_biology_5
open-llm-leaderboard/details_Weyaxi__Bagel-Hermes-34B-Slerp,1,0.0833,0.0,1.0,0.0,0.9167,0.0,harness_hendrycksTest_college_biology_5
open-llm-leaderboard/details_cloudyu__Yi-34Bx3-MoE-90B,1,0.0111,0.0,0.9,0.0,0.8889,0.0,harness_hendrycksTest_college_biology_5
open-llm-leaderboard/details_diffnamehard__Psyfighter2-Noromaid-ties-Capybara-13B,1,0.0111,0.0,0.6,0.0,0.6111,0.0,harness_hendrycksTest_college_biology_5
open-llm-leaderboard/details_udkai__Turdus,1,0.0778,0.0,0.7,0.0,0.7778,0.0,harness_hendrycksTest_college_biology_5
open-llm-leaderboard/details_AA051611__A0110,1,0.0806,0.0,0.9,0.0,0.8194,0.0,harness_hendrycksTest_college_biology_5
open-llm-leaderboard/details_hywu__Camelidae-8x13B,1,0.1042,0.0,0.5,0.0,0.6042,0.0,harness_hendrycksTest_college_biology_5
open-llm-leaderboard/details_osanseviero__mistral-instruct-frankenmerge,1,0.1389,0.0,0.5,0.0,0.6389,0.0,harness_hendrycksTest_college_biology_5
open-llm-leaderboard/details_RatanRohith__MistralBeagle-RS-7B-V0.1,1,0.1431,0.0,0.6,0.0,0.7431,0.0,harness_hendrycksTest_college_biology_5
open-llm-leaderboard/details_cognitivecomputations__yayi2-30b-llama,1,0.0472,0.0,0.7,0.0,0.6528,0.0,harness_hendrycksTest_college_biology_5
open-llm-leaderboard/details_AA051610__A0106,1,0.0667,0.0,0.9,0.0,0.8333,0.0,harness_hendrycksTest_college_biology_5
open-llm-leaderboard/details_jilp00__Hermes-2-SOLAR-10.7B-Symbolic,1,0.0222,0.0,0.7,0.0,0.7222,0.0,harness_hendrycksTest_college_biology_5
open-llm-leaderboard/details_ewqr2130__mistral-se-inst-ppo,1,0.2736,0.0,0.4,0.0,0.6736,0.0,harness_hendrycksTest_college_biology_5
open-llm-leaderboard/details_Mihaiii__Pallas-0.5-LASER-0.1,1,0.025,0.0,0.9,0.0,0.875,0.0,harness_hendrycksTest_college_biology_5
open-llm-leaderboard/details_TomGrc__FusionNet_passthrough_v0.1,1,0.0569,0.0,0.7,0.0,0.7569,0.0,harness_hendrycksTest_college_biology_5
open-llm-leaderboard/details_jae24__openhermes_dpo_norobot_0201,1,0.1361,0.0,0.6,0.0,0.7361,0.0,harness_hendrycksTest_college_biology_5
open-llm-leaderboard/details_TomGrc__FusionNet,1,0.1778,0.0,0.6,0.0,0.7778,0.0,harness_hendrycksTest_college_biology_5
open-llm-leaderboard/details_cognitivecomputations__dolphin-2.2.1-mistral-7b,1,0.05,0.0,0.7,0.0,0.75,0.0,harness_hendrycksTest_college_biology_5
open-llm-leaderboard/details_dfurman__Mistral-7B-Instruct-v0.2,1,0.1458,0.0,0.5,0.0,0.6458,0.0,harness_hendrycksTest_college_biology_5
open-llm-leaderboard/details_cognitivecomputations__dolphin-2.2-yi-34b-200k,1,0.0819,0.0,0.7,0.0,0.6181,0.0,harness_hendrycksTest_college_biology_5
open-llm-leaderboard/details_beberik__rawr,1,0.15,0.0,0.6,0.0,0.75,0.0,harness_hendrycksTest_college_biology_5
open-llm-leaderboard/details_SuperAGI__SAM,1,0.2083,0.0,0.5,0.0,0.7083,0.0,harness_hendrycksTest_college_biology_5
open-llm-leaderboard/details_jeonsworld__CarbonVillain-en-10.7B-v1,1,0.1847,0.0,0.6,0.0,0.7847,0.0,harness_hendrycksTest_college_biology_5
open-llm-leaderboard/details_bn22__OpenHermes-2.5-Mistral-7B-MISALIGNED,1,0.1569,0.0,0.6,0.0,0.7569,0.0,harness_hendrycksTest_college_biology_5
open-llm-leaderboard/details_VAGOsolutions__SauerkrautLM-Mixtral-8x7B-Instruct,1,0.0264,0.0,0.8,0.0,0.8264,0.0,harness_hendrycksTest_college_biology_5
open-llm-leaderboard/details_acrastt__kalomaze-stuff,1,0.2153,0.0,0.5,0.0,0.7153,0.0,harness_hendrycksTest_college_biology_5
open-llm-leaderboard/details_APMIC__caigun-lora-model-34B-v3,1,0.0389,0.0,0.9,0.0,0.8611,0.0,harness_hendrycksTest_college_biology_5
open-llm-leaderboard/details_xDAN-AI__xDAN-L1Mix-DeepThinking-v2,1,0.1806,0.0,0.5,0.0,0.6806,0.0,harness_hendrycksTest_college_biology_5
open-llm-leaderboard/details_martyn__llama2-megamerge-dare-13b-v2,1,0.0764,0.0,0.5,0.0,0.5764,0.0,harness_hendrycksTest_college_biology_5
open-llm-leaderboard/details_one-man-army__una-neural-chat-v3-3-P2-OMA,1,0.1014,0.0,0.6,0.0,0.7014,0.0,harness_hendrycksTest_college_biology_5
open-llm-leaderboard/details_Dans-DiscountModels__Dans-07YahooAnswers-7b,1,0.2153,0.0,0.5,0.0,0.7153,0.0,harness_hendrycksTest_college_biology_5
open-llm-leaderboard/details_cyberagent__calm2-7b-chat,1,0.025,0.0,0.4,0.0,0.375,0.0,harness_hendrycksTest_college_biology_5
open-llm-leaderboard/details_perlthoughts__Chupacabra-7B-v2.03-128k,1,0.2431,0.0,0.5,0.0,0.7431,0.0,harness_hendrycksTest_college_biology_5
open-llm-leaderboard/details_wang7776__Llama-2-7b-chat-hf-10-sparsity,1,0.0139,0.0,0.5,0.0,0.5139,0.0,harness_hendrycksTest_college_biology_5
open-llm-leaderboard/details_ehartford__dolphin-2.2-yi-34b-200k,1,0.1819,0.0,0.8,0.0,0.6181,0.0,harness_hendrycksTest_college_biology_5
open-llm-leaderboard/details_Locutusque__Orca-2-13B-no_robots,1,0.1806,0.0,0.5,0.0,0.6806,0.0,harness_hendrycksTest_college_biology_5
open-llm-leaderboard/details_haoranxu__ALMA-13B,1,0.1417,0.0,0.4,0.0,0.5417,0.0,harness_hendrycksTest_college_biology_5
open-llm-leaderboard/details_hfl__chinese-alpaca-2-13b-16k,1,0.2069,0.0,0.3,0.0,0.5069,0.0,harness_hendrycksTest_college_biology_5
open-llm-leaderboard/details_WebraftAI__synapsellm-7b-mistral-v0.4-preview3,1,0.1417,0.0,0.4,0.0,0.5417,0.0,harness_hendrycksTest_college_biology_5
open-llm-leaderboard/details_TokenBender__pic_7B_mistral_Full_v0.1,1,0.1292,0.0,0.6,0.0,0.7292,0.0,harness_hendrycksTest_college_biology_5
open-llm-leaderboard/details_migtissera__Tess-7B-v1.4,1,0.1014,0.0,0.6,0.0,0.7014,0.0,harness_hendrycksTest_college_biology_5
open-llm-leaderboard/details_adamo1139__Yi-34B-AEZAKMI-v1,1,0.0403,0.0,0.8,0.0,0.8403,0.0,harness_hendrycksTest_college_biology_5
open-llm-leaderboard/details_Weyaxi__Platypus-Nebula-v2-7B,1,0.0319,0.0,0.6,0.0,0.6319,0.0,harness_hendrycksTest_college_biology_5
open-llm-leaderboard/details_perlthoughts__Chupacabra-7B-v2,1,0.1944,0.0,0.5,0.0,0.6944,0.0,harness_hendrycksTest_college_biology_5
open-llm-leaderboard/details_Intel__neural-chat-7b-v3-1,1,0.1222,0.0,0.6,0.0,0.7222,0.0,harness_hendrycksTest_college_biology_5
open-llm-leaderboard/details_ajibawa-2023__Uncensored-Frank-33B,1,0.2972,0.0,0.3,0.0,0.5972,0.0,harness_hendrycksTest_college_biology_5
open-llm-leaderboard/details_chargoddard__storytime-13b,1,0.2389,0.0,0.4,0.0,0.6389,0.0,harness_hendrycksTest_college_biology_5
open-llm-leaderboard/details_LTC-AI-Labs__L2-7b-Beluga-WVG-Test,1,0.1347,0.0,0.4,0.0,0.5347,0.0,harness_hendrycksTest_college_biology_5
open-llm-leaderboard/details_oh-yeontaek__llama-2-13B-LoRA-assemble,1,0.1597,0.0,0.5,0.0,0.6597,0.0,harness_hendrycksTest_college_biology_5
open-llm-leaderboard/details_Charlie911__vicuna-7b-v1.5-lora-mixed-datasets-time-unit,1,0.1931,0.0,0.3,0.0,0.4931,0.0,harness_hendrycksTest_college_biology_5
open-llm-leaderboard/details_Envoid__Libra-19B,1,0.0764,0.0,0.5,0.0,0.5764,0.0,harness_hendrycksTest_college_biology_5
open-llm-leaderboard/details_Danielbrdz__Barcenas-13b,1,0.0903,0.0,0.5,0.0,0.5903,0.0,harness_hendrycksTest_college_biology_5
open-llm-leaderboard/details_CHIH-HUNG__llama-2-13b-FINETUNE5_4w-r4-q_k_v_o,1,0.0486,0.0,0.5,0.0,0.5486,0.0,harness_hendrycksTest_college_biology_5
open-llm-leaderboard/details_KnutJaegersberg__deacon-13b,1,0.0375,0.0,0.6,0.0,0.5625,0.0,harness_hendrycksTest_college_biology_5
open-llm-leaderboard/details_LTC-AI-Labs__L2-7b-Synthia-WVG-Test,1,0.2069,0.0,0.3,0.0,0.5069,0.0,harness_hendrycksTest_college_biology_5
open-llm-leaderboard/details_PocketDoc__Dans-RetroRodeo-13b,1,0.0514,0.0,0.4,0.0,0.4514,0.0,harness_hendrycksTest_college_biology_5
open-llm-leaderboard/details_dhmeltzer__llama-7b-SFT_ds_wiki65k_1024_r_64_alpha_16_merged,1,0.0486,0.0,0.5,0.0,0.4514,0.0,harness_hendrycksTest_college_biology_5
open-llm-leaderboard/details_togethercomputer__Llama-2-7B-32K-Instruct,1,0.1097,0.0,0.3,0.0,0.4097,0.0,harness_hendrycksTest_college_biology_5
open-llm-leaderboard/details_PygmalionAI__pygmalion-2-13b,1,0.1042,0.0,0.5,0.0,0.6042,0.0,harness_hendrycksTest_college_biology_5
open-llm-leaderboard/details_dhmeltzer__Llama-2-13b-hf-ds_wiki_1024_full_r_64_alpha_16_merged,1,0.0625,0.0,0.5,0.0,0.5625,0.0,harness_hendrycksTest_college_biology_5
open-llm-leaderboard/details_maximuslee07__llama-2-7b-rockwell-final,1,0.1,0.0,0.4,0.0,0.5,0.0,harness_hendrycksTest_college_biology_5
open-llm-leaderboard/details_hyunseoki__ko-ref-llama2-13b,1,0.0389,0.0,0.4,0.0,0.3611,0.0,harness_hendrycksTest_college_biology_5
open-llm-leaderboard/details_ehartford__WizardLM-1.0-Uncensored-CodeLlama-34b,1,0.0278,0.0,0.5,0.0,0.5278,0.0,harness_hendrycksTest_college_biology_5
open-llm-leaderboard/details_jondurbin__airoboros-13b,1,0.0347,0.0,0.5,0.0,0.4653,0.0,harness_hendrycksTest_college_biology_5
open-llm-leaderboard/details_TFLai__Airboros2.1-Platypus2-13B-QLora-0.80-epoch,1,0.2042,0.0,0.4,0.0,0.6042,0.0,harness_hendrycksTest_college_biology_5
open-llm-leaderboard/details_TheBloke__tulu-7B-fp16,1,0.1,0.0,0.6,0.0,0.5,0.0,harness_hendrycksTest_college_biology_5
open-llm-leaderboard/details_jondurbin__airoboros-7b-gpt4-1.4.1-qlora,1,0.0903,0.0,0.5,0.0,0.4097,0.0,harness_hendrycksTest_college_biology_5
open-llm-leaderboard/details_ehartford__Samantha-1.11-CodeLlama-34b,1,0.0,0.0,0.5,0.0,0.5,0.0,harness_hendrycksTest_college_biology_5
open-llm-leaderboard/details_lmsys__vicuna-7b-v1.5,1,0.2139,0.0,0.3,0.0,0.5139,0.0,harness_hendrycksTest_college_biology_5
open-llm-leaderboard/details_CHIH-HUNG__llama-2-13b-huangyt_Fintune_1_17w-q_k_v_o_proj,1,0.0819,0.0,0.7,0.0,0.6181,0.0,harness_hendrycksTest_college_biology_5
open-llm-leaderboard/details_TaylorAI__Flash-Llama-7B,1,0.0347,0.0,0.5,0.0,0.4653,0.0,harness_hendrycksTest_college_biology_5
open-llm-leaderboard/details_bofenghuang__vigogne-7b-instruct,1,0.0889,0.0,0.3,0.0,0.3889,0.0,harness_hendrycksTest_college_biology_5
open-llm-leaderboard/details_WizardLM__WizardLM-70B-V1.0,1,0.1639,0.0,0.6,0.0,0.7639,0.0,harness_hendrycksTest_college_biology_5
open-llm-leaderboard/details_ausboss__llama7b-wizardlm-unfiltered,1,0.1458,0.0,0.5,0.0,0.3542,0.0,harness_hendrycksTest_college_biology_5
open-llm-leaderboard/details_mosaicml__mpt-30b-chat,1,0.1903,0.0,0.4,0.0,0.5903,0.0,harness_hendrycksTest_college_biology_5
open-llm-leaderboard/details_Aspik101__StableBeluga-13B-instruct-PL-lora_unload,1,0.1111,0.0,0.5,0.0,0.6111,0.0,harness_hendrycksTest_college_biology_5
open-llm-leaderboard/details_wahaha1987__llama_13b_sharegpt94k_fastchat,1,0.0417,0.0,0.5,0.0,0.5417,0.0,harness_hendrycksTest_college_biology_5
open-llm-leaderboard/details_klosax__open_llama_13b_600bt_preview,1,0.0292,0.0,0.3,0.0,0.2708,0.0,harness_hendrycksTest_college_biology_5
open-llm-leaderboard/details_wenge-research__yayi-7b,1,0.0875,0.0,0.4,0.0,0.3125,0.0,harness_hendrycksTest_college_biology_5
open-llm-leaderboard/details_Gryphe__MythoMix-L2-13b,1,0.0097,0.0,0.6,0.0,0.5903,0.0,harness_hendrycksTest_college_biology_5
open-llm-leaderboard/details_kingbri__chronolima-airo-grad-l2-13B,1,0.0375,0.0,0.6,0.0,0.5625,0.0,harness_hendrycksTest_college_biology_5
open-llm-leaderboard/details_duliadotio__dulia-13b-8k-alpha,1,0.2181,0.0,0.4,0.0,0.6181,0.0,harness_hendrycksTest_college_biology_5
open-llm-leaderboard/details_OpenBuddyEA__openbuddy-llama-30b-v7.1-bf16,1,0.1833,0.0,0.4,0.0,0.5833,0.0,harness_hendrycksTest_college_biology_5
open-llm-leaderboard/details_lilloukas__Platypus-30B,1,0.2222,0.0,0.5,0.0,0.7222,0.0,harness_hendrycksTest_college_biology_5
open-llm-leaderboard/details_TheBloke__OpenOrca-Platypus2-13B-GPTQ,1,0.1667,0.0,0.5,0.0,0.6667,0.0,harness_hendrycksTest_college_biology_5
open-llm-leaderboard/details_logicker__SkkuDataScienceGlobal-10.7b,1,0.0365,0.0,0.4,0.0,0.4365,0.0,harness_hendrycksTest_formal_logic_5
open-llm-leaderboard/details_abacusai__MetaMath-bagel-34b-v0.2-c1500,1,0.2317,0.0,0.3,0.0,0.5317,0.0,harness_hendrycksTest_formal_logic_5
open-llm-leaderboard/details_Q-bert__MetaMath-Cybertron-Starling,1,0.1159,0.0,0.4,0.0,0.5159,0.0,harness_hendrycksTest_formal_logic_5
open-llm-leaderboard/details_meta-math__MetaMath-Mistral-7B,1,0.127,0.0,0.5,0.0,0.373,0.0,harness_hendrycksTest_formal_logic_5
open-llm-leaderboard/details_ed001__datascience-coder-6.7b,1,0.227,0.0,0.6,0.0,0.373,0.0,harness_hendrycksTest_formal_logic_5
open-llm-leaderboard/details_abacusai__Fewshot-Metamath-OrcaVicuna-Mistral,1,0.0603,0.0,0.4,0.0,0.4603,0.0,harness_hendrycksTest_formal_logic_5
open-llm-leaderboard/details_rameshm__llama-2-13b-mathgpt-v4,1,0.046,0.0,0.3,0.0,0.254,0.0,harness_hendrycksTest_formal_logic_5
open-llm-leaderboard/details_rombodawg__LosslessMegaCoder-llama2-13b-mini,1,0.0127,0.0,0.4,0.0,0.4127,0.0,harness_hendrycksTest_formal_logic_5
open-llm-leaderboard/details_jondurbin__airocoder-34b-2.1,1,0.1127,0.0,0.3,0.0,0.4127,0.0,harness_hendrycksTest_formal_logic_5
open-llm-leaderboard/details_WizardLM__WizardCoder-Python-7B-V1.0,1,0.0063,0.0,0.3,0.0,0.2937,0.0,harness_hendrycksTest_formal_logic_5
open-llm-leaderboard/details_WizardLM__WizardCoder-15B-V1.0,1,0.0698,0.0,0.2,0.0,0.2698,0.0,harness_hendrycksTest_formal_logic_5
open-llm-leaderboard/details_bigcode__tiny_starcoder_py,1,0.1413,0.0,0.3,0.0,0.1587,0.0,harness_hendrycksTest_formal_logic_5
open-llm-leaderboard/details_FelixChao__vicuna-7B-physics,1,0.0095,0.0,0.3,0.0,0.3095,0.0,harness_hendrycksTest_formal_logic_5
open-llm-leaderboard/details_AdaptLLM__law-chat,1,0.054,0.0,0.2,0.0,0.254,0.0,harness_hendrycksTest_formal_logic_5
open-llm-leaderboard/details_rombodawg__Leaderboard-killer-MoE_4x7b,1,0.0476,0.0,0.5,0.0,0.4524,0.0,harness_hendrycksTest_formal_logic_5
open-llm-leaderboard/details_Swisslex__Mixtral-Orca-v0.1,1,0.0238,0.0,0.5,0.0,0.4762,0.0,harness_hendrycksTest_formal_logic_5
open-llm-leaderboard/details_nfaheem__Marcoroni-7b-DPO-Merge,1,0.0317,0.0,0.5,0.0,0.4683,0.0,harness_hendrycksTest_formal_logic_5
open-llm-leaderboard/details_maywell__PiVoT-SUS-RP,1,0.1952,0.0,0.4,0.0,0.5952,0.0,harness_hendrycksTest_formal_logic_5
open-llm-leaderboard/details_h2m__mhm-7b-v1.3,1,0.2222,0.0,0.5,0.0,0.2778,0.0,harness_hendrycksTest_formal_logic_5
open-llm-leaderboard/details_AA051611__limb,1,0.0,0.0,0.5,0.0,0.5,0.0,harness_hendrycksTest_formal_logic_5
open-llm-leaderboard/details_CallComply__zephyr-7b-beta-128k,1,0.0349,0.0,0.4,0.0,0.3651,0.0,harness_hendrycksTest_formal_logic_5
open-llm-leaderboard/details_PSanni__MPOMixtral-8x7B-Instruct-v0.1,1,0.1238,0.0,0.6,0.0,0.4762,0.0,harness_hendrycksTest_formal_logic_5
open-llm-leaderboard/details_Weyaxi__Bagel-Hermes-2x34b,1,0.1794,0.0,0.4,0.0,0.5794,0.0,harness_hendrycksTest_formal_logic_5
open-llm-leaderboard/details_Weyaxi__Bagel-Hermes-34B-Slerp,1,0.0286,0.0,0.6,0.0,0.5714,0.0,harness_hendrycksTest_formal_logic_5
open-llm-leaderboard/details_cloudyu__Yi-34Bx3-MoE-90B,1,0.0873,0.0,0.5,0.0,0.5873,0.0,harness_hendrycksTest_formal_logic_5
open-llm-leaderboard/details_diffnamehard__Psyfighter2-Noromaid-ties-Capybara-13B,1,0.0508,0.0,0.4,0.0,0.3492,0.0,harness_hendrycksTest_formal_logic_5
open-llm-leaderboard/details_udkai__Turdus,1,0.0476,0.0,0.5,0.0,0.4524,0.0,harness_hendrycksTest_formal_logic_5
open-llm-leaderboard/details_AA051611__A0110,1,0.1397,0.0,0.4,0.0,0.5397,0.0,harness_hendrycksTest_formal_logic_5
open-llm-leaderboard/details_hywu__Camelidae-8x13B,1,0.081,0.0,0.3,0.0,0.381,0.0,harness_hendrycksTest_formal_logic_5
open-llm-leaderboard/details_osanseviero__mistral-instruct-frankenmerge,1,0.1048,0.0,0.3,0.0,0.4048,0.0,harness_hendrycksTest_formal_logic_5
open-llm-leaderboard/details_RatanRohith__MistralBeagle-RS-7B-V0.1,1,0.1635,0.0,0.6,0.0,0.4365,0.0,harness_hendrycksTest_formal_logic_5
open-llm-leaderboard/details_cognitivecomputations__yayi2-30b-llama,1,0.0524,0.0,0.6,0.0,0.5476,0.0,harness_hendrycksTest_formal_logic_5
open-llm-leaderboard/details_AA051610__A0106,1,0.0159,0.0,0.5,0.0,0.5159,0.0,harness_hendrycksTest_formal_logic_5
open-llm-leaderboard/details_jilp00__Hermes-2-SOLAR-10.7B-Symbolic,1,0.0286,0.0,0.4,0.0,0.4286,0.0,harness_hendrycksTest_formal_logic_5
open-llm-leaderboard/details_ewqr2130__mistral-se-inst-ppo,1,0.1429,0.0,0.5,0.0,0.3571,0.0,harness_hendrycksTest_formal_logic_5
open-llm-leaderboard/details_Mihaiii__Pallas-0.5-LASER-0.1,1,0.0556,0.0,0.5,0.0,0.5556,0.0,harness_hendrycksTest_formal_logic_5
open-llm-leaderboard/details_TomGrc__FusionNet_passthrough_v0.1,1,0.0365,0.0,0.4,0.0,0.4365,0.0,harness_hendrycksTest_formal_logic_5
open-llm-leaderboard/details_jae24__openhermes_dpo_norobot_0201,1,0.0444,0.0,0.4,0.0,0.4444,0.0,harness_hendrycksTest_formal_logic_5
open-llm-leaderboard/details_TomGrc__FusionNet,1,0.0365,0.0,0.4,0.0,0.4365,0.0,harness_hendrycksTest_formal_logic_5
open-llm-leaderboard/details_cognitivecomputations__dolphin-2.2.1-mistral-7b,1,0.1048,0.0,0.3,0.0,0.4048,0.0,harness_hendrycksTest_formal_logic_5
open-llm-leaderboard/details_dfurman__Mistral-7B-Instruct-v0.2,1,0.0651,0.0,0.3,0.0,0.3651,0.0,harness_hendrycksTest_formal_logic_5
open-llm-leaderboard/details_cognitivecomputations__dolphin-2.2-yi-34b-200k,1,0.0937,0.0,0.2,0.0,0.2937,0.0,harness_hendrycksTest_formal_logic_5
open-llm-leaderboard/details_beberik__rawr,1,0.0444,0.0,0.4,0.0,0.4444,0.0,harness_hendrycksTest_formal_logic_5
open-llm-leaderboard/details_SuperAGI__SAM,1,0.1032,0.0,0.5,0.0,0.3968,0.0,harness_hendrycksTest_formal_logic_5
open-llm-leaderboard/details_jeonsworld__CarbonVillain-en-10.7B-v1,1,0.0286,0.0,0.4,0.0,0.4286,0.0,harness_hendrycksTest_formal_logic_5
open-llm-leaderboard/details_bn22__OpenHermes-2.5-Mistral-7B-MISALIGNED,1,0.0603,0.0,0.4,0.0,0.4603,0.0,harness_hendrycksTest_formal_logic_5
open-llm-leaderboard/details_VAGOsolutions__SauerkrautLM-Mixtral-8x7B-Instruct,1,0.1841,0.0,0.7,0.0,0.5159,0.0,harness_hendrycksTest_formal_logic_5
open-llm-leaderboard/details_acrastt__kalomaze-stuff,1,0.027,0.0,0.4,0.0,0.373,0.0,harness_hendrycksTest_formal_logic_5
open-llm-leaderboard/details_APMIC__caigun-lora-model-34B-v3,1,0.0365,0.0,0.6,0.0,0.5635,0.0,harness_hendrycksTest_formal_logic_5
open-llm-leaderboard/details_xDAN-AI__xDAN-L1Mix-DeepThinking-v2,1,0.0556,0.0,0.5,0.0,0.4444,0.0,harness_hendrycksTest_formal_logic_5
open-llm-leaderboard/details_martyn__llama2-megamerge-dare-13b-v2,1,0.127,0.0,0.5,0.0,0.373,0.0,harness_hendrycksTest_formal_logic_5
open-llm-leaderboard/details_one-man-army__una-neural-chat-v3-3-P2-OMA,1,0.0206,0.0,0.4,0.0,0.4206,0.0,harness_hendrycksTest_formal_logic_5
open-llm-leaderboard/details_Dans-DiscountModels__Dans-07YahooAnswers-7b,1,0.119,0.0,0.5,0.0,0.381,0.0,harness_hendrycksTest_formal_logic_5
open-llm-leaderboard/details_cyberagent__calm2-7b-chat,1,0.0063,0.0,0.3,0.0,0.2937,0.0,harness_hendrycksTest_formal_logic_5
open-llm-leaderboard/details_perlthoughts__Chupacabra-7B-v2.03-128k,1,0.0238,0.0,0.5,0.0,0.4762,0.0,harness_hendrycksTest_formal_logic_5
open-llm-leaderboard/details_wang7776__Llama-2-7b-chat-hf-10-sparsity,1,0.054,0.0,0.3,0.0,0.246,0.0,harness_hendrycksTest_formal_logic_5
open-llm-leaderboard/details_ehartford__dolphin-2.2-yi-34b-200k,1,0.0857,0.0,0.2,0.0,0.2857,0.0,harness_hendrycksTest_formal_logic_5
open-llm-leaderboard/details_Locutusque__Orca-2-13B-no_robots,1,0.0667,0.0,0.4,0.0,0.3333,0.0,harness_hendrycksTest_formal_logic_5
open-llm-leaderboard/details_haoranxu__ALMA-13B,1,0.0381,0.0,0.3,0.0,0.2619,0.0,harness_hendrycksTest_formal_logic_5
open-llm-leaderboard/details_hfl__chinese-alpaca-2-13b-16k,1,0.0175,0.0,0.3,0.0,0.3175,0.0,harness_hendrycksTest_formal_logic_5
open-llm-leaderboard/details_WebraftAI__synapsellm-7b-mistral-v0.4-preview3,1,0.181,0.0,0.2,0.0,0.381,0.0,harness_hendrycksTest_formal_logic_5
open-llm-leaderboard/details_TokenBender__pic_7B_mistral_Full_v0.1,1,0.3,0.0,0.2,0.0,0.5,0.0,harness_hendrycksTest_formal_logic_5
open-llm-leaderboard/details_migtissera__Tess-7B-v1.4,1,0.0111,0.0,0.4,0.0,0.3889,0.0,harness_hendrycksTest_formal_logic_5
open-llm-leaderboard/details_adamo1139__Yi-34B-AEZAKMI-v1,1,0.0397,0.0,0.5,0.0,0.5397,0.0,harness_hendrycksTest_formal_logic_5
open-llm-leaderboard/details_Weyaxi__Platypus-Nebula-v2-7B,1,0.0032,0.0,0.4,0.0,0.3968,0.0,harness_hendrycksTest_formal_logic_5
open-llm-leaderboard/details_perlthoughts__Chupacabra-7B-v2,1,0.0,0.0,0.5,0.0,0.5,0.0,harness_hendrycksTest_formal_logic_5
open-llm-leaderboard/details_Intel__neural-chat-7b-v3-1,1,0.1286,0.0,0.3,0.0,0.4286,0.0,harness_hendrycksTest_formal_logic_5
open-llm-leaderboard/details_ajibawa-2023__Uncensored-Frank-33B,1,0.0571,0.0,0.3,0.0,0.3571,0.0,harness_hendrycksTest_formal_logic_5
open-llm-leaderboard/details_chargoddard__storytime-13b,1,0.1952,0.0,0.6,0.0,0.4048,0.0,harness_hendrycksTest_formal_logic_5
open-llm-leaderboard/details_LTC-AI-Labs__L2-7b-Beluga-WVG-Test,1,0.0667,0.0,0.4,0.0,0.3333,0.0,harness_hendrycksTest_formal_logic_5
open-llm-leaderboard/details_oh-yeontaek__llama-2-13B-LoRA-assemble,1,0.0571,0.0,0.3,0.0,0.3571,0.0,harness_hendrycksTest_formal_logic_5
open-llm-leaderboard/details_Charlie911__vicuna-7b-v1.5-lora-mixed-datasets-time-unit,1,0.2095,0.0,0.1,0.0,0.3095,0.0,harness_hendrycksTest_formal_logic_5
open-llm-leaderboard/details_Envoid__Libra-19B,1,0.1587,0.0,0.5,0.0,0.3413,0.0,harness_hendrycksTest_formal_logic_5
open-llm-leaderboard/details_Danielbrdz__Barcenas-13b,1,0.0587,0.0,0.4,0.0,0.3413,0.0,harness_hendrycksTest_formal_logic_5
open-llm-leaderboard/details_CHIH-HUNG__llama-2-13b-FINETUNE5_4w-r4-q_k_v_o,1,0.0667,0.0,0.4,0.0,0.3333,0.0,harness_hendrycksTest_formal_logic_5
open-llm-leaderboard/details_KnutJaegersberg__deacon-13b,1,0.0667,0.0,0.4,0.0,0.3333,0.0,harness_hendrycksTest_formal_logic_5
open-llm-leaderboard/details_LTC-AI-Labs__L2-7b-Synthia-WVG-Test,1,0.1016,0.0,0.2,0.0,0.3016,0.0,harness_hendrycksTest_formal_logic_5
open-llm-leaderboard/details_PocketDoc__Dans-RetroRodeo-13b,1,0.0222,0.0,0.2,0.0,0.2222,0.0,harness_hendrycksTest_formal_logic_5
open-llm-leaderboard/details_dhmeltzer__llama-7b-SFT_ds_wiki65k_1024_r_64_alpha_16_merged,1,0.0254,0.0,0.3,0.0,0.3254,0.0,harness_hendrycksTest_formal_logic_5
open-llm-leaderboard/details_togethercomputer__Llama-2-7B-32K-Instruct,1,0.054,0.0,0.3,0.0,0.246,0.0,harness_hendrycksTest_formal_logic_5
open-llm-leaderboard/details_PygmalionAI__pygmalion-2-13b,1,0.081,0.0,0.3,0.0,0.381,0.0,harness_hendrycksTest_formal_logic_5
open-llm-leaderboard/details_dhmeltzer__Llama-2-13b-hf-ds_wiki_1024_full_r_64_alpha_16_merged,1,0.1349,0.0,0.5,0.0,0.3651,0.0,harness_hendrycksTest_formal_logic_5
open-llm-leaderboard/details_maximuslee07__llama-2-7b-rockwell-final,1,0.0619,0.0,0.3,0.0,0.2381,0.0,harness_hendrycksTest_formal_logic_5
open-llm-leaderboard/details_hyunseoki__ko-ref-llama2-13b,1,0.1095,0.0,0.3,0.0,0.1905,0.0,harness_hendrycksTest_formal_logic_5
open-llm-leaderboard/details_ehartford__WizardLM-1.0-Uncensored-CodeLlama-34b,1,0.0556,0.0,0.5,0.0,0.4444,0.0,harness_hendrycksTest_formal_logic_5
open-llm-leaderboard/details_jondurbin__airoboros-13b,1,0.0111,0.0,0.4,0.0,0.3889,0.0,harness_hendrycksTest_formal_logic_5
open-llm-leaderboard/details_TFLai__Airboros2.1-Platypus2-13B-QLora-0.80-epoch,1,0.019,0.0,0.4,0.0,0.381,0.0,harness_hendrycksTest_formal_logic_5
open-llm-leaderboard/details_TheBloke__tulu-7B-fp16,1,0.0095,0.0,0.3,0.0,0.3095,0.0,harness_hendrycksTest_formal_logic_5
open-llm-leaderboard/details_jondurbin__airoboros-7b-gpt4-1.4.1-qlora,1,0.1698,0.0,0.1,0.0,0.2698,0.0,harness_hendrycksTest_formal_logic_5
open-llm-leaderboard/details_ehartford__Samantha-1.11-CodeLlama-34b,1,0.1349,0.0,0.5,0.0,0.3651,0.0,harness_hendrycksTest_formal_logic_5
open-llm-leaderboard/details_lmsys__vicuna-7b-v1.5,1,0.081,0.0,0.3,0.0,0.381,0.0,harness_hendrycksTest_formal_logic_5
open-llm-leaderboard/details_CHIH-HUNG__llama-2-13b-huangyt_Fintune_1_17w-q_k_v_o_proj,1,0.0587,0.0,0.4,0.0,0.3413,0.0,harness_hendrycksTest_formal_logic_5
open-llm-leaderboard/details_TaylorAI__Flash-Llama-7B,1,0.0857,0.0,0.2,0.0,0.2857,0.0,harness_hendrycksTest_formal_logic_5
open-llm-leaderboard/details_bofenghuang__vigogne-7b-instruct,1,0.0222,0.0,0.3,0.0,0.2778,0.0,harness_hendrycksTest_formal_logic_5
open-llm-leaderboard/details_WizardLM__WizardLM-70B-V1.0,1,0.0556,0.0,0.5,0.0,0.4444,0.0,harness_hendrycksTest_formal_logic_5
open-llm-leaderboard/details_ausboss__llama7b-wizardlm-unfiltered,1,0.0619,0.0,0.3,0.0,0.2381,0.0,harness_hendrycksTest_formal_logic_5
open-llm-leaderboard/details_mosaicml__mpt-30b-chat,1,0.1175,0.0,0.2,0.0,0.3175,0.0,harness_hendrycksTest_formal_logic_5
open-llm-leaderboard/details_Aspik101__StableBeluga-13B-instruct-PL-lora_unload,1,0.0508,0.0,0.4,0.0,0.3492,0.0,harness_hendrycksTest_formal_logic_5
open-llm-leaderboard/details_wahaha1987__llama_13b_sharegpt94k_fastchat,1,0.0048,0.0,0.4,0.0,0.4048,0.0,harness_hendrycksTest_formal_logic_5
open-llm-leaderboard/details_klosax__open_llama_13b_600bt_preview,1,0.0619,0.0,0.3,0.0,0.2381,0.0,harness_hendrycksTest_formal_logic_5
open-llm-leaderboard/details_wenge-research__yayi-7b,1,0.054,0.0,0.2,0.0,0.254,0.0,harness_hendrycksTest_formal_logic_5
open-llm-leaderboard/details_Gryphe__MythoMix-L2-13b,1,0.2667,0.0,0.6,0.0,0.3333,0.0,harness_hendrycksTest_formal_logic_5
open-llm-leaderboard/details_kingbri__chronolima-airo-grad-l2-13B,1,0.1746,0.0,0.5,0.0,0.3254,0.0,harness_hendrycksTest_formal_logic_5
open-llm-leaderboard/details_duliadotio__dulia-13b-8k-alpha,1,0.0905,0.0,0.4,0.0,0.3095,0.0,harness_hendrycksTest_formal_logic_5
open-llm-leaderboard/details_OpenBuddyEA__openbuddy-llama-30b-v7.1-bf16,1,0.0429,0.0,0.4,0.0,0.3571,0.0,harness_hendrycksTest_formal_logic_5
open-llm-leaderboard/details_lilloukas__Platypus-30B,1,0.1556,0.0,0.6,0.0,0.4444,0.0,harness_hendrycksTest_formal_logic_5
open-llm-leaderboard/details_TheBloke__OpenOrca-Platypus2-13B-GPTQ,1,0.0508,0.0,0.4,0.0,0.3492,0.0,harness_hendrycksTest_formal_logic_5
