model_name,n_seeds,simple_random_error_mean,simple_random_error_std,simple_random_prediction_mean,simple_random_prediction_std,simple_random_true_performance_mean,simple_random_true_performance_std,dataset
open-llm-leaderboard/details_fblgit__UNA-POLAR-10.7B-InstructMath-v2,1,0.0061,0.0,0.85,0.0,0.8439,0.0,harness_hendrycksTest_high_school_world_history_5
open-llm-leaderboard/details_SanjiWatsuki__neural-chat-7b-v3-3-wizardmath-dare-me,1,0.0378,0.0,0.81,0.0,0.7722,0.0,harness_hendrycksTest_high_school_world_history_5
open-llm-leaderboard/details_ed001__datascience-coder-6.7b,1,0.0249,0.0,0.43,0.0,0.4051,0.0,harness_hendrycksTest_high_school_world_history_5
open-llm-leaderboard/details_WizardLM__WizardMath-7B-V1.0,1,0.0571,0.0,0.69,0.0,0.6329,0.0,harness_hendrycksTest_high_school_world_history_5
open-llm-leaderboard/details_rombodawg__Everyone-Coder-4x7b-Base,1,0.0325,0.0,0.83,0.0,0.7975,0.0,harness_hendrycksTest_high_school_world_history_5
open-llm-leaderboard/details_OpenBuddy__openbuddy-deepseekcoder-33b-v16.1-32k,1,0.0284,0.0,0.56,0.0,0.5316,0.0,harness_hendrycksTest_high_school_world_history_5
open-llm-leaderboard/details_mrm8488__llama-2-coder-7b,1,0.0497,0.0,0.67,0.0,0.6203,0.0,harness_hendrycksTest_high_school_world_history_5
open-llm-leaderboard/details_bigcode__starcoderplus,1,0.0038,0.0,0.57,0.0,0.5738,0.0,harness_hendrycksTest_high_school_world_history_5
open-llm-leaderboard/details_GeorgiaTechResearchInstitute__starcoder-gpteacher-code-instruct,1,0.0015,0.0,0.28,0.0,0.2785,0.0,harness_hendrycksTest_high_school_world_history_5
open-llm-leaderboard/details_deepseek-ai__deepseek-coder-1.3b-instruct,1,0.058,0.0,0.25,0.0,0.308,0.0,harness_hendrycksTest_high_school_world_history_5
open-llm-leaderboard/details_uukuguy__speechless-coder-ds-1.3b,1,0.0115,0.0,0.29,0.0,0.2785,0.0,harness_hendrycksTest_high_school_world_history_5
open-llm-leaderboard/details_Swisslex__Mixtral-Orca-v0.1,1,0.0252,0.0,0.81,0.0,0.7848,0.0,harness_hendrycksTest_high_school_world_history_5
open-llm-leaderboard/details_wang7776__Mistral-7B-Instruct-v0.2-sparsity-20,1,0.0655,0.0,0.69,0.0,0.6245,0.0,harness_hendrycksTest_high_school_world_history_5
open-llm-leaderboard/details_macadeliccc__polyglot-math-4x7b,1,0.0278,0.0,0.8,0.0,0.7722,0.0,harness_hendrycksTest_high_school_world_history_5
open-llm-leaderboard/details_CallComply__SOLAR-10.7B-Instruct-v1.0-128k,1,0.0558,0.0,0.79,0.0,0.7342,0.0,harness_hendrycksTest_high_school_world_history_5
open-llm-leaderboard/details_bhavinjawade__SOLAR-10B-Nector-DPO-Jawade,1,0.005,0.0,0.86,0.0,0.865,0.0,harness_hendrycksTest_high_school_world_history_5
open-llm-leaderboard/details_cloudyu__Yi-34Bx3-MoE-90B,1,0.0013,0.0,0.9,0.0,0.8987,0.0,harness_hendrycksTest_high_school_world_history_5
open-llm-leaderboard/details_flemmingmiguel__NeuDist-Ro-7B,1,0.0325,0.0,0.83,0.0,0.7975,0.0,harness_hendrycksTest_high_school_world_history_5
open-llm-leaderboard/details_KnutJaegersberg__Qwen-14B-Llamafied,1,0.0303,0.0,0.87,0.0,0.8397,0.0,harness_hendrycksTest_high_school_world_history_5
open-llm-leaderboard/details_charlesdedampierre__TopicNeuralHermes-2.5-Mistral-7B,1,0.0399,0.0,0.85,0.0,0.8101,0.0,harness_hendrycksTest_high_school_world_history_5
open-llm-leaderboard/details_udkai__Turdus,1,0.0325,0.0,0.83,0.0,0.7975,0.0,harness_hendrycksTest_high_school_world_history_5
open-llm-leaderboard/details_AA051611__A0110,1,0.0113,0.0,0.91,0.0,0.8987,0.0,harness_hendrycksTest_high_school_world_history_5
open-llm-leaderboard/details_umd-zhou-lab__claude2-alpaca-13B,1,0.0157,0.0,0.71,0.0,0.7257,0.0,harness_hendrycksTest_high_school_world_history_5
open-llm-leaderboard/details_umd-zhou-lab__recycled-wizardlm-7b-v2.0,1,0.0529,0.0,0.69,0.0,0.6371,0.0,harness_hendrycksTest_high_school_world_history_5
open-llm-leaderboard/details_cognitivecomputations__yayi2-30b-llama,1,0.0246,0.0,0.86,0.0,0.8354,0.0,harness_hendrycksTest_high_school_world_history_5
open-llm-leaderboard/details_Mihaiii__Pallas-0.5-LASER-0.6,1,0.017,0.0,0.92,0.0,0.903,0.0,harness_hendrycksTest_high_school_world_history_5
open-llm-leaderboard/details_UCLA-AGI__test0,1,0.0232,0.0,0.77,0.0,0.7468,0.0,harness_hendrycksTest_high_school_world_history_5
open-llm-leaderboard/details_Mihaiii__Pallas-0.5-LASER-0.4,1,0.0113,0.0,0.91,0.0,0.8987,0.0,harness_hendrycksTest_high_school_world_history_5
open-llm-leaderboard/details_jondurbin__bagel-dpo-34b-v0.2,1,0.0128,0.0,0.92,0.0,0.9072,0.0,harness_hendrycksTest_high_school_world_history_5
open-llm-leaderboard/details_Weyaxi__Nous-Hermes-2-SUS-Chat-2x34B,1,0.0114,0.0,0.9,0.0,0.9114,0.0,harness_hendrycksTest_high_school_world_history_5
open-llm-leaderboard/details_shadowml__Marcoro14-7B-ties,1,0.0399,0.0,0.85,0.0,0.8101,0.0,harness_hendrycksTest_high_school_world_history_5
open-llm-leaderboard/details_NousResearch__Nous-Hermes-2-SOLAR-10.7B,1,0.0124,0.0,0.89,0.0,0.8776,0.0,harness_hendrycksTest_high_school_world_history_5
open-llm-leaderboard/details_nlpguy__ColorShadow-7B,1,0.001,0.0,0.79,0.0,0.789,0.0,harness_hendrycksTest_high_school_world_history_5
open-llm-leaderboard/details_Locutusque__Orca-2-13b-SFT-v6,1,0.0357,0.0,0.85,0.0,0.8143,0.0,harness_hendrycksTest_high_school_world_history_5
open-llm-leaderboard/details_Undi95__Mistral-11B-v0.1,1,0.0268,0.0,0.82,0.0,0.7932,0.0,harness_hendrycksTest_high_school_world_history_5
open-llm-leaderboard/details_kyujinpy__Sakura-SOLRCA-Instruct-DPO,1,0.0023,0.0,0.85,0.0,0.8523,0.0,harness_hendrycksTest_high_school_world_history_5
open-llm-leaderboard/details_diffnamehard__Mistral-CatMacaroni-slerp-uncensored,1,0.0436,0.0,0.82,0.0,0.7764,0.0,harness_hendrycksTest_high_school_world_history_5
open-llm-leaderboard/details_Azazelle__Half-NSFW_Noromaid-7b,1,0.0278,0.0,0.8,0.0,0.7722,0.0,harness_hendrycksTest_high_school_world_history_5
open-llm-leaderboard/details_brucethemoose__Yi-34B-200K-DARE-merge-v5,1,0.003,0.0,0.9,0.0,0.903,0.0,harness_hendrycksTest_high_school_world_history_5
open-llm-leaderboard/details_Weyaxi__SauerkrautLM-UNA-SOLAR-Instruct,1,0.0081,0.0,0.84,0.0,0.8481,0.0,harness_hendrycksTest_high_school_world_history_5
open-llm-leaderboard/details_luffycodes__vicuna-class-shishya-ac-hal-13b-ep3,1,0.0079,0.0,0.76,0.0,0.7679,0.0,harness_hendrycksTest_high_school_world_history_5
open-llm-leaderboard/details_acrastt__kalomaze-stuff,1,0.0263,0.0,0.79,0.0,0.7637,0.0,harness_hendrycksTest_high_school_world_history_5
open-llm-leaderboard/details_Mihaiii__Pallas-0.4,1,0.0145,0.0,0.88,0.0,0.8945,0.0,harness_hendrycksTest_high_school_world_history_5
open-llm-leaderboard/details_cyberagent__calm2-7b-chat,1,0.0079,0.0,0.49,0.0,0.4979,0.0,harness_hendrycksTest_high_school_world_history_5
open-llm-leaderboard/details_wang7776__Llama-2-7b-chat-hf-10-sparsity,1,0.006,0.0,0.66,0.0,0.654,0.0,harness_hendrycksTest_high_school_world_history_5
open-llm-leaderboard/details_perlthoughts__Chupacabra-7B-v2.03,1,0.0257,0.0,0.84,0.0,0.8143,0.0,harness_hendrycksTest_high_school_world_history_5
open-llm-leaderboard/details_chargoddard__servile-harpsichord-cdpo,1,0.0368,0.0,0.83,0.0,0.7932,0.0,harness_hendrycksTest_high_school_world_history_5
open-llm-leaderboard/details_Intel__neural-chat-7b-v3-3-Slerp,1,0.0494,0.0,0.83,0.0,0.7806,0.0,harness_hendrycksTest_high_school_world_history_5
open-llm-leaderboard/details_itsliupeng__openllama-7b-base,1,0.007,0.0,0.55,0.0,0.557,0.0,harness_hendrycksTest_high_school_world_history_5
open-llm-leaderboard/details_jondurbin__spicyboros-70b-2.2,1,0.0097,0.0,0.9,0.0,0.8903,0.0,harness_hendrycksTest_high_school_world_history_5
open-llm-leaderboard/details_hfl__chinese-alpaca-2-13b-16k,1,0.0096,0.0,0.71,0.0,0.7004,0.0,harness_hendrycksTest_high_school_world_history_5
open-llm-leaderboard/details_TokenBender__pic_7B_mistral_Full_v0.1,1,0.0368,0.0,0.83,0.0,0.7932,0.0,harness_hendrycksTest_high_school_world_history_5
open-llm-leaderboard/details_kyujinpy__PlatYi-34B-Llama,1,0.0041,0.0,0.92,0.0,0.9241,0.0,harness_hendrycksTest_high_school_world_history_5
open-llm-leaderboard/details_ajibawa-2023__Python-Code-33B,1,0.0146,0.0,0.69,0.0,0.7046,0.0,harness_hendrycksTest_high_school_world_history_5
open-llm-leaderboard/details_simonveitner__MathHermes-2.5-Mistral-7B,1,0.0257,0.0,0.84,0.0,0.8143,0.0,harness_hendrycksTest_high_school_world_history_5
open-llm-leaderboard/details_fblgit__una-cybertron-7b-v2-bf16,1,0.0252,0.0,0.81,0.0,0.7848,0.0,harness_hendrycksTest_high_school_world_history_5
open-llm-leaderboard/details_SciPhi__SciPhi-Self-RAG-Mistral-7B-32k,1,0.0063,0.0,0.77,0.0,0.7637,0.0,harness_hendrycksTest_high_school_world_history_5
open-llm-leaderboard/details_Undi95__Llama2-13B-no_robots-alpaca-lora,1,0.0116,0.0,0.75,0.0,0.7384,0.0,harness_hendrycksTest_high_school_world_history_5
open-llm-leaderboard/details_jondurbin__airoboros-m-7b-3.1.2,1,0.0289,0.0,0.78,0.0,0.7511,0.0,harness_hendrycksTest_high_school_world_history_5
open-llm-leaderboard/details_bofenghuang__vigostral-7b-chat,1,0.0363,0.0,0.8,0.0,0.7637,0.0,harness_hendrycksTest_high_school_world_history_5
open-llm-leaderboard/details_luffycodes__llama-shishya-7b-ep3-v1,1,0.0056,0.0,0.64,0.0,0.6456,0.0,harness_hendrycksTest_high_school_world_history_5
open-llm-leaderboard/details_elinas__chronos-70b-v2,1,0.0097,0.0,0.83,0.0,0.8397,0.0,harness_hendrycksTest_high_school_world_history_5
open-llm-leaderboard/details_Sao10K__Stheno-1.8-L2-13B,1,0.011,0.0,0.8,0.0,0.789,0.0,harness_hendrycksTest_high_school_world_history_5
open-llm-leaderboard/details_oh-yeontaek__llama-2-13B-LoRA-assemble,1,0.0152,0.0,0.8,0.0,0.7848,0.0,harness_hendrycksTest_high_school_world_history_5
open-llm-leaderboard/details_migtissera__SynthIA-7B-v1.3,1,0.0394,0.0,0.82,0.0,0.7806,0.0,harness_hendrycksTest_high_school_world_history_5
open-llm-leaderboard/details_PygmalionAI__pygmalion-2-7b,1,0.0327,0.0,0.75,0.0,0.7173,0.0,harness_hendrycksTest_high_school_world_history_5
open-llm-leaderboard/details_JosephusCheung__Pwen-14B-Chat-20_30,1,0.0263,0.0,0.79,0.0,0.7637,0.0,harness_hendrycksTest_high_school_world_history_5
open-llm-leaderboard/details_jondurbin__airoboros-c34b-2.2.1,1,0.0574,0.0,0.8,0.0,0.7426,0.0,harness_hendrycksTest_high_school_world_history_5
open-llm-leaderboard/details_DevaMalla__llama_7b_qlora_pds-eval,1,0.0071,0.0,0.37,0.0,0.3629,0.0,harness_hendrycksTest_high_school_world_history_5
open-llm-leaderboard/details_BELLE-2__BELLE-Llama2-13B-chat-0.4M,1,0.0258,0.0,0.76,0.0,0.7342,0.0,harness_hendrycksTest_high_school_world_history_5
open-llm-leaderboard/details_mncai__Llama2-7B-guanaco-1k,1,0.0629,0.0,0.7,0.0,0.6371,0.0,harness_hendrycksTest_high_school_world_history_5
open-llm-leaderboard/details_PocketDoc__Dans-AdventurousWinds-7b,1,0.0263,0.0,0.79,0.0,0.7637,0.0,harness_hendrycksTest_high_school_world_history_5
open-llm-leaderboard/details_TheBloke__Wizard-Vicuna-13B-Uncensored-HF,1,0.048,0.0,0.74,0.0,0.692,0.0,harness_hendrycksTest_high_school_world_history_5
open-llm-leaderboard/details_TheBloke__airoboros-13B-HF,1,0.0062,0.0,0.69,0.0,0.6962,0.0,harness_hendrycksTest_high_school_world_history_5
open-llm-leaderboard/details_NewstaR__Koss-7B-chat,1,0.0082,0.0,0.65,0.0,0.6582,0.0,harness_hendrycksTest_high_school_world_history_5
open-llm-leaderboard/details_PygmalionAI__pygmalion-2-13b,1,0.0105,0.0,0.77,0.0,0.7595,0.0,harness_hendrycksTest_high_school_world_history_5
open-llm-leaderboard/details_maximuslee07__llama-2-7b-rockwell-final,1,0.0113,0.0,0.64,0.0,0.6287,0.0,harness_hendrycksTest_high_school_world_history_5
open-llm-leaderboard/details_Undi95__MLewd-ReMM-L2-Chat-20B,1,0.0063,0.0,0.77,0.0,0.7637,0.0,harness_hendrycksTest_high_school_world_history_5
open-llm-leaderboard/details_TFLai__Airboros2.1-Platypus2-13B-QLora-0.80-epoch,1,0.0015,0.0,0.72,0.0,0.7215,0.0,harness_hendrycksTest_high_school_world_history_5
open-llm-leaderboard/details_jondurbin__airoboros-7b-gpt4-1.4.1-qlora,1,0.0079,0.0,0.49,0.0,0.4979,0.0,harness_hendrycksTest_high_school_world_history_5
open-llm-leaderboard/details_TheBloke__Wizard-Vicuna-7B-Uncensored-HF,1,0.019,0.0,0.5,0.0,0.481,0.0,harness_hendrycksTest_high_school_world_history_5
open-llm-leaderboard/details_jondurbin__airoboros-7b-gpt4-1.1,1,0.0373,0.0,0.41,0.0,0.4473,0.0,harness_hendrycksTest_high_school_world_history_5
open-llm-leaderboard/details_TFLai__Nous-Hermes-Platypus2-13B-QLoRA-0.80-epoch,1,0.0158,0.0,0.75,0.0,0.7342,0.0,harness_hendrycksTest_high_school_world_history_5
open-llm-leaderboard/details_Undi95__MLewd-L2-13B,1,0.0104,0.0,0.69,0.0,0.7004,0.0,harness_hendrycksTest_high_school_world_history_5
open-llm-leaderboard/details_Aspik101__vicuna-13b-v1.5-PL-lora_unload,1,0.0253,0.0,0.73,0.0,0.7553,0.0,harness_hendrycksTest_high_school_world_history_5
open-llm-leaderboard/details_CHIH-HUNG__llama-2-13b-huangyt_Fintune_1_17w-q_k_v_o_proj,1,0.0015,0.0,0.72,0.0,0.7215,0.0,harness_hendrycksTest_high_school_world_history_5
open-llm-leaderboard/details_huggingface__llama-7b,1,0.0104,0.0,0.42,0.0,0.4304,0.0,harness_hendrycksTest_high_school_world_history_5
open-llm-leaderboard/details_The-Face-Of-Goonery__Huginn-13b-FP16,1,0.0158,0.0,0.75,0.0,0.7342,0.0,harness_hendrycksTest_high_school_world_history_5
open-llm-leaderboard/details_OpenAssistant__llama2-70b-oasst-sft-v10,1,0.035,0.0,0.9,0.0,0.865,0.0,harness_hendrycksTest_high_school_world_history_5
open-llm-leaderboard/details_huggingface__llama-30b,1,0.0025,0.0,0.8,0.0,0.7975,0.0,harness_hendrycksTest_high_school_world_history_5
open-llm-leaderboard/details_stabilityai__StableBeluga-13B,1,0.0389,0.0,0.79,0.0,0.7511,0.0,harness_hendrycksTest_high_school_world_history_5
open-llm-leaderboard/details_ehartford__based-30b,1,0.0117,0.0,0.79,0.0,0.8017,0.0,harness_hendrycksTest_high_school_world_history_5
open-llm-leaderboard/details_digitous__Javalion-R,1,0.0398,0.0,0.39,0.0,0.3502,0.0,harness_hendrycksTest_high_school_world_history_5
open-llm-leaderboard/details_camel-ai__CAMEL-13B-Combined-Data,1,0.0291,0.0,0.7,0.0,0.6709,0.0,harness_hendrycksTest_high_school_world_history_5
open-llm-leaderboard/details_wenge-research__yayi-7b,1,0.0105,0.0,0.5,0.0,0.4895,0.0,harness_hendrycksTest_high_school_world_history_5
open-llm-leaderboard/details_WeOpenML__Alpaca-7B-v1,1,0.0098,0.0,0.36,0.0,0.3502,0.0,harness_hendrycksTest_high_school_world_history_5
open-llm-leaderboard/details_elinas__chronos-13b-v2,1,0.0042,0.0,0.73,0.0,0.7342,0.0,harness_hendrycksTest_high_school_world_history_5
open-llm-leaderboard/details_GOAT-AI__GOAT-7B-Community,1,0.002,0.0,0.69,0.0,0.692,0.0,harness_hendrycksTest_high_school_world_history_5
open-llm-leaderboard/details_IGeniusDev__llama13B-quant8-testv1-openorca-customdataset,1,0.0015,0.0,0.72,0.0,0.7215,0.0,harness_hendrycksTest_high_school_world_history_5
open-llm-leaderboard/details_kingbri__chronolima-airo-grad-l2-13B,1,0.0147,0.0,0.77,0.0,0.7553,0.0,harness_hendrycksTest_high_school_world_history_5
open-llm-leaderboard/details_The-Face-Of-Goonery__Chronos-Beluga-v2-13bfp16,1,0.0247,0.0,0.78,0.0,0.7553,0.0,harness_hendrycksTest_high_school_world_history_5
open-llm-leaderboard/details_HiTZ__alpaca-lora-65b-en-pt-es-ca,1,0.0141,0.0,0.82,0.0,0.8059,0.0,harness_hendrycksTest_high_school_world_history_5
open-llm-leaderboard/details_totally-not-an-llm__EverythingLM-13b-V2-16k,1,0.004,0.0,0.62,0.0,0.616,0.0,harness_hendrycksTest_high_school_world_history_5
open-llm-leaderboard/details_rombodawg__LosslessMegaCoder-llama2-7b-mini,1,0.0126,0.0,0.73,0.0,0.7426,0.0,harness_hendrycksTest_high_school_world_history_5
open-llm-leaderboard/details_Sao10K__Stheno-L2-13B,1,0.0042,0.0,0.73,0.0,0.7342,0.0,harness_hendrycksTest_high_school_world_history_5
open-llm-leaderboard/details_Open-Orca__OpenOrca-Preview1-13B,1,0.0154,0.0,0.72,0.0,0.7046,0.0,harness_hendrycksTest_high_school_world_history_5
open-llm-leaderboard/details_YeungNLP__firefly-llama2-13b-v1.2,1,0.0158,0.0,0.75,0.0,0.7342,0.0,harness_hendrycksTest_high_school_world_history_5
open-llm-leaderboard/details_fblgit__UNA-POLAR-10.7B-InstructMath-v2,1,0.073,0.0,0.69,0.0,0.617,0.0,harness_hendrycksTest_conceptual_physics_5
open-llm-leaderboard/details_SanjiWatsuki__neural-chat-7b-v3-3-wizardmath-dare-me,1,0.0479,0.0,0.45,0.0,0.4979,0.0,harness_hendrycksTest_conceptual_physics_5
open-llm-leaderboard/details_ed001__datascience-coder-6.7b,1,0.0119,0.0,0.32,0.0,0.3319,0.0,harness_hendrycksTest_conceptual_physics_5
open-llm-leaderboard/details_WizardLM__WizardMath-7B-V1.0,1,0.0226,0.0,0.38,0.0,0.3574,0.0,harness_hendrycksTest_conceptual_physics_5
open-llm-leaderboard/details_rombodawg__Everyone-Coder-4x7b-Base,1,0.0668,0.0,0.62,0.0,0.5532,0.0,harness_hendrycksTest_conceptual_physics_5
open-llm-leaderboard/details_OpenBuddy__openbuddy-deepseekcoder-33b-v16.1-32k,1,0.017,0.0,0.4,0.0,0.417,0.0,harness_hendrycksTest_conceptual_physics_5
open-llm-leaderboard/details_mrm8488__llama-2-coder-7b,1,0.0155,0.0,0.41,0.0,0.4255,0.0,harness_hendrycksTest_conceptual_physics_5
open-llm-leaderboard/details_bigcode__starcoderplus,1,0.0017,0.0,0.36,0.0,0.3617,0.0,harness_hendrycksTest_conceptual_physics_5
open-llm-leaderboard/details_GeorgiaTechResearchInstitute__starcoder-gpteacher-code-instruct,1,0.0347,0.0,0.29,0.0,0.2553,0.0,harness_hendrycksTest_conceptual_physics_5
open-llm-leaderboard/details_deepseek-ai__deepseek-coder-1.3b-instruct,1,0.0006,0.0,0.31,0.0,0.3106,0.0,harness_hendrycksTest_conceptual_physics_5
open-llm-leaderboard/details_uukuguy__speechless-coder-ds-1.3b,1,0.0449,0.0,0.27,0.0,0.3149,0.0,harness_hendrycksTest_conceptual_physics_5
open-llm-leaderboard/details_Swisslex__Mixtral-Orca-v0.1,1,0.0513,0.0,0.57,0.0,0.6213,0.0,harness_hendrycksTest_conceptual_physics_5
open-llm-leaderboard/details_wang7776__Mistral-7B-Instruct-v0.2-sparsity-20,1,0.046,0.0,0.32,0.0,0.366,0.0,harness_hendrycksTest_conceptual_physics_5
open-llm-leaderboard/details_macadeliccc__polyglot-math-4x7b,1,0.0196,0.0,0.56,0.0,0.5404,0.0,harness_hendrycksTest_conceptual_physics_5
open-llm-leaderboard/details_CallComply__SOLAR-10.7B-Instruct-v1.0-128k,1,0.044,0.0,0.61,0.0,0.566,0.0,harness_hendrycksTest_conceptual_physics_5
open-llm-leaderboard/details_bhavinjawade__SOLAR-10B-Nector-DPO-Jawade,1,0.0657,0.0,0.67,0.0,0.6043,0.0,harness_hendrycksTest_conceptual_physics_5
open-llm-leaderboard/details_cloudyu__Yi-34Bx3-MoE-90B,1,0.03,0.0,0.77,0.0,0.8,0.0,harness_hendrycksTest_conceptual_physics_5
open-llm-leaderboard/details_flemmingmiguel__NeuDist-Ro-7B,1,0.0243,0.0,0.62,0.0,0.5957,0.0,harness_hendrycksTest_conceptual_physics_5
open-llm-leaderboard/details_KnutJaegersberg__Qwen-14B-Llamafied,1,0.0317,0.0,0.67,0.0,0.6383,0.0,harness_hendrycksTest_conceptual_physics_5
open-llm-leaderboard/details_charlesdedampierre__TopicNeuralHermes-2.5-Mistral-7B,1,0.0268,0.0,0.58,0.0,0.5532,0.0,harness_hendrycksTest_conceptual_physics_5
open-llm-leaderboard/details_udkai__Turdus,1,0.0185,0.0,0.61,0.0,0.5915,0.0,harness_hendrycksTest_conceptual_physics_5
open-llm-leaderboard/details_AA051611__A0110,1,0.0017,0.0,0.76,0.0,0.7617,0.0,harness_hendrycksTest_conceptual_physics_5
open-llm-leaderboard/details_umd-zhou-lab__claude2-alpaca-13B,1,0.003,0.0,0.42,0.0,0.417,0.0,harness_hendrycksTest_conceptual_physics_5
open-llm-leaderboard/details_umd-zhou-lab__recycled-wizardlm-7b-v2.0,1,0.0628,0.0,0.35,0.0,0.4128,0.0,harness_hendrycksTest_conceptual_physics_5
open-llm-leaderboard/details_cognitivecomputations__yayi2-30b-llama,1,0.0164,0.0,0.69,0.0,0.7064,0.0,harness_hendrycksTest_conceptual_physics_5
open-llm-leaderboard/details_Mihaiii__Pallas-0.5-LASER-0.6,1,0.0083,0.0,0.77,0.0,0.7617,0.0,harness_hendrycksTest_conceptual_physics_5
open-llm-leaderboard/details_UCLA-AGI__test0,1,0.0521,0.0,0.55,0.0,0.4979,0.0,harness_hendrycksTest_conceptual_physics_5
open-llm-leaderboard/details_Mihaiii__Pallas-0.5-LASER-0.4,1,0.0026,0.0,0.76,0.0,0.7574,0.0,harness_hendrycksTest_conceptual_physics_5
open-llm-leaderboard/details_jondurbin__bagel-dpo-34b-v0.2,1,0.0245,0.0,0.75,0.0,0.7745,0.0,harness_hendrycksTest_conceptual_physics_5
open-llm-leaderboard/details_Weyaxi__Nous-Hermes-2-SUS-Chat-2x34B,1,0.0013,0.0,0.78,0.0,0.7787,0.0,harness_hendrycksTest_conceptual_physics_5
open-llm-leaderboard/details_shadowml__Marcoro14-7B-ties,1,0.0257,0.0,0.63,0.0,0.6043,0.0,harness_hendrycksTest_conceptual_physics_5
open-llm-leaderboard/details_NousResearch__Nous-Hermes-2-SOLAR-10.7B,1,0.0343,0.0,0.63,0.0,0.5957,0.0,harness_hendrycksTest_conceptual_physics_5
open-llm-leaderboard/details_nlpguy__ColorShadow-7B,1,0.0204,0.0,0.52,0.0,0.5404,0.0,harness_hendrycksTest_conceptual_physics_5
open-llm-leaderboard/details_Locutusque__Orca-2-13b-SFT-v6,1,0.0836,0.0,0.59,0.0,0.5064,0.0,harness_hendrycksTest_conceptual_physics_5
open-llm-leaderboard/details_Undi95__Mistral-11B-v0.1,1,0.0655,0.0,0.64,0.0,0.5745,0.0,harness_hendrycksTest_conceptual_physics_5
open-llm-leaderboard/details_kyujinpy__Sakura-SOLRCA-Instruct-DPO,1,0.0802,0.0,0.71,0.0,0.6298,0.0,harness_hendrycksTest_conceptual_physics_5
open-llm-leaderboard/details_diffnamehard__Mistral-CatMacaroni-slerp-uncensored,1,0.0083,0.0,0.57,0.0,0.5617,0.0,harness_hendrycksTest_conceptual_physics_5
open-llm-leaderboard/details_Azazelle__Half-NSFW_Noromaid-7b,1,0.067,0.0,0.65,0.0,0.583,0.0,harness_hendrycksTest_conceptual_physics_5
open-llm-leaderboard/details_brucethemoose__Yi-34B-200K-DARE-merge-v5,1,0.0072,0.0,0.78,0.0,0.7872,0.0,harness_hendrycksTest_conceptual_physics_5
open-llm-leaderboard/details_Weyaxi__SauerkrautLM-UNA-SOLAR-Instruct,1,0.0845,0.0,0.71,0.0,0.6255,0.0,harness_hendrycksTest_conceptual_physics_5
open-llm-leaderboard/details_luffycodes__vicuna-class-shishya-ac-hal-13b-ep3,1,0.0174,0.0,0.46,0.0,0.4426,0.0,harness_hendrycksTest_conceptual_physics_5
open-llm-leaderboard/details_acrastt__kalomaze-stuff,1,0.0583,0.0,0.62,0.0,0.5617,0.0,harness_hendrycksTest_conceptual_physics_5
open-llm-leaderboard/details_Mihaiii__Pallas-0.4,1,0.0002,0.0,0.77,0.0,0.7702,0.0,harness_hendrycksTest_conceptual_physics_5
open-llm-leaderboard/details_cyberagent__calm2-7b-chat,1,0.0019,0.0,0.33,0.0,0.3319,0.0,harness_hendrycksTest_conceptual_physics_5
open-llm-leaderboard/details_wang7776__Llama-2-7b-chat-hf-10-sparsity,1,0.013,0.0,0.43,0.0,0.417,0.0,harness_hendrycksTest_conceptual_physics_5
open-llm-leaderboard/details_perlthoughts__Chupacabra-7B-v2.03,1,0.0332,0.0,0.52,0.0,0.5532,0.0,harness_hendrycksTest_conceptual_physics_5
open-llm-leaderboard/details_chargoddard__servile-harpsichord-cdpo,1,0.0232,0.0,0.53,0.0,0.5532,0.0,harness_hendrycksTest_conceptual_physics_5
open-llm-leaderboard/details_Intel__neural-chat-7b-v3-3-Slerp,1,0.0268,0.0,0.58,0.0,0.5532,0.0,harness_hendrycksTest_conceptual_physics_5
open-llm-leaderboard/details_itsliupeng__openllama-7b-base,1,0.0398,0.0,0.41,0.0,0.3702,0.0,harness_hendrycksTest_conceptual_physics_5
open-llm-leaderboard/details_jondurbin__spicyboros-70b-2.2,1,0.0364,0.0,0.67,0.0,0.7064,0.0,harness_hendrycksTest_conceptual_physics_5
open-llm-leaderboard/details_hfl__chinese-alpaca-2-13b-16k,1,0.0047,0.0,0.34,0.0,0.3447,0.0,harness_hendrycksTest_conceptual_physics_5
open-llm-leaderboard/details_TokenBender__pic_7B_mistral_Full_v0.1,1,0.034,0.0,0.6,0.0,0.566,0.0,harness_hendrycksTest_conceptual_physics_5
open-llm-leaderboard/details_kyujinpy__PlatYi-34B-Llama,1,0.0,0.0,0.8,0.0,0.8,0.0,harness_hendrycksTest_conceptual_physics_5
open-llm-leaderboard/details_ajibawa-2023__Python-Code-33B,1,0.0023,0.0,0.47,0.0,0.4723,0.0,harness_hendrycksTest_conceptual_physics_5
open-llm-leaderboard/details_simonveitner__MathHermes-2.5-Mistral-7B,1,0.0053,0.0,0.55,0.0,0.5447,0.0,harness_hendrycksTest_conceptual_physics_5
open-llm-leaderboard/details_fblgit__una-cybertron-7b-v2-bf16,1,0.0085,0.0,0.6,0.0,0.5915,0.0,harness_hendrycksTest_conceptual_physics_5
open-llm-leaderboard/details_SciPhi__SciPhi-Self-RAG-Mistral-7B-32k,1,0.0136,0.0,0.52,0.0,0.5064,0.0,harness_hendrycksTest_conceptual_physics_5
open-llm-leaderboard/details_Undi95__Llama2-13B-no_robots-alpaca-lora,1,0.0072,0.0,0.42,0.0,0.4128,0.0,harness_hendrycksTest_conceptual_physics_5
open-llm-leaderboard/details_jondurbin__airoboros-m-7b-3.1.2,1,0.0323,0.0,0.56,0.0,0.5277,0.0,harness_hendrycksTest_conceptual_physics_5
open-llm-leaderboard/details_bofenghuang__vigostral-7b-chat,1,0.0026,0.0,0.56,0.0,0.5574,0.0,harness_hendrycksTest_conceptual_physics_5
open-llm-leaderboard/details_luffycodes__llama-shishya-7b-ep3-v1,1,0.0157,0.0,0.38,0.0,0.3957,0.0,harness_hendrycksTest_conceptual_physics_5
open-llm-leaderboard/details_elinas__chronos-70b-v2,1,0.0298,0.0,0.6,0.0,0.6298,0.0,harness_hendrycksTest_conceptual_physics_5
open-llm-leaderboard/details_Sao10K__Stheno-1.8-L2-13B,1,0.0034,0.0,0.48,0.0,0.4766,0.0,harness_hendrycksTest_conceptual_physics_5
open-llm-leaderboard/details_oh-yeontaek__llama-2-13B-LoRA-assemble,1,0.0294,0.0,0.46,0.0,0.4894,0.0,harness_hendrycksTest_conceptual_physics_5
open-llm-leaderboard/details_migtissera__SynthIA-7B-v1.3,1,0.0438,0.0,0.58,0.0,0.5362,0.0,harness_hendrycksTest_conceptual_physics_5
open-llm-leaderboard/details_PygmalionAI__pygmalion-2-7b,1,0.0145,0.0,0.44,0.0,0.4255,0.0,harness_hendrycksTest_conceptual_physics_5
open-llm-leaderboard/details_JosephusCheung__Pwen-14B-Chat-20_30,1,0.0617,0.0,0.5,0.0,0.4383,0.0,harness_hendrycksTest_conceptual_physics_5
open-llm-leaderboard/details_jondurbin__airoboros-c34b-2.2.1,1,0.0049,0.0,0.49,0.0,0.4851,0.0,harness_hendrycksTest_conceptual_physics_5
open-llm-leaderboard/details_DevaMalla__llama_7b_qlora_pds-eval,1,0.0072,0.0,0.38,0.0,0.3872,0.0,harness_hendrycksTest_conceptual_physics_5
open-llm-leaderboard/details_BELLE-2__BELLE-Llama2-13B-chat-0.4M,1,0.053,0.0,0.47,0.0,0.417,0.0,harness_hendrycksTest_conceptual_physics_5
open-llm-leaderboard/details_mncai__Llama2-7B-guanaco-1k,1,0.0517,0.0,0.49,0.0,0.4383,0.0,harness_hendrycksTest_conceptual_physics_5
open-llm-leaderboard/details_PocketDoc__Dans-AdventurousWinds-7b,1,0.0543,0.0,0.65,0.0,0.5957,0.0,harness_hendrycksTest_conceptual_physics_5
open-llm-leaderboard/details_TheBloke__Wizard-Vicuna-13B-Uncensored-HF,1,0.007,0.0,0.41,0.0,0.417,0.0,harness_hendrycksTest_conceptual_physics_5
open-llm-leaderboard/details_TheBloke__airoboros-13B-HF,1,0.0157,0.0,0.42,0.0,0.4043,0.0,harness_hendrycksTest_conceptual_physics_5
open-llm-leaderboard/details_NewstaR__Koss-7B-chat,1,0.0115,0.0,0.38,0.0,0.3915,0.0,harness_hendrycksTest_conceptual_physics_5
open-llm-leaderboard/details_PygmalionAI__pygmalion-2-13b,1,0.0272,0.0,0.44,0.0,0.4128,0.0,harness_hendrycksTest_conceptual_physics_5
open-llm-leaderboard/details_maximuslee07__llama-2-7b-rockwell-final,1,0.0,0.0,0.4,0.0,0.4,0.0,harness_hendrycksTest_conceptual_physics_5
open-llm-leaderboard/details_Undi95__MLewd-ReMM-L2-Chat-20B,1,0.0506,0.0,0.54,0.0,0.4894,0.0,harness_hendrycksTest_conceptual_physics_5
open-llm-leaderboard/details_TFLai__Airboros2.1-Platypus2-13B-QLora-0.80-epoch,1,0.0113,0.0,0.39,0.0,0.3787,0.0,harness_hendrycksTest_conceptual_physics_5
open-llm-leaderboard/details_jondurbin__airoboros-7b-gpt4-1.4.1-qlora,1,0.0253,0.0,0.37,0.0,0.3447,0.0,harness_hendrycksTest_conceptual_physics_5
open-llm-leaderboard/details_TheBloke__Wizard-Vicuna-7B-Uncensored-HF,1,0.0257,0.0,0.43,0.0,0.4043,0.0,harness_hendrycksTest_conceptual_physics_5
open-llm-leaderboard/details_jondurbin__airoboros-7b-gpt4-1.1,1,0.014,0.0,0.38,0.0,0.366,0.0,harness_hendrycksTest_conceptual_physics_5
open-llm-leaderboard/details_TFLai__Nous-Hermes-Platypus2-13B-QLoRA-0.80-epoch,1,0.0162,0.0,0.48,0.0,0.4638,0.0,harness_hendrycksTest_conceptual_physics_5
open-llm-leaderboard/details_Undi95__MLewd-L2-13B,1,0.0083,0.0,0.43,0.0,0.4383,0.0,harness_hendrycksTest_conceptual_physics_5
open-llm-leaderboard/details_Aspik101__vicuna-13b-v1.5-PL-lora_unload,1,0.0026,0.0,0.44,0.0,0.4426,0.0,harness_hendrycksTest_conceptual_physics_5
open-llm-leaderboard/details_CHIH-HUNG__llama-2-13b-huangyt_Fintune_1_17w-q_k_v_o_proj,1,0.0287,0.0,0.45,0.0,0.4213,0.0,harness_hendrycksTest_conceptual_physics_5
open-llm-leaderboard/details_huggingface__llama-7b,1,0.0198,0.0,0.39,0.0,0.3702,0.0,harness_hendrycksTest_conceptual_physics_5
open-llm-leaderboard/details_The-Face-Of-Goonery__Huginn-13b-FP16,1,0.0447,0.0,0.5,0.0,0.4553,0.0,harness_hendrycksTest_conceptual_physics_5
open-llm-leaderboard/details_OpenAssistant__llama2-70b-oasst-sft-v10,1,0.017,0.0,0.6,0.0,0.617,0.0,harness_hendrycksTest_conceptual_physics_5
open-llm-leaderboard/details_huggingface__llama-30b,1,0.0451,0.0,0.56,0.0,0.5149,0.0,harness_hendrycksTest_conceptual_physics_5
open-llm-leaderboard/details_stabilityai__StableBeluga-13B,1,0.0081,0.0,0.46,0.0,0.4681,0.0,harness_hendrycksTest_conceptual_physics_5
open-llm-leaderboard/details_ehartford__based-30b,1,0.0566,0.0,0.58,0.0,0.5234,0.0,harness_hendrycksTest_conceptual_physics_5
open-llm-leaderboard/details_digitous__Javalion-R,1,0.0283,0.0,0.39,0.0,0.3617,0.0,harness_hendrycksTest_conceptual_physics_5
open-llm-leaderboard/details_camel-ai__CAMEL-13B-Combined-Data,1,0.0226,0.0,0.38,0.0,0.3574,0.0,harness_hendrycksTest_conceptual_physics_5
open-llm-leaderboard/details_wenge-research__yayi-7b,1,0.0215,0.0,0.37,0.0,0.3915,0.0,harness_hendrycksTest_conceptual_physics_5
open-llm-leaderboard/details_WeOpenML__Alpaca-7B-v1,1,0.0309,0.0,0.35,0.0,0.3191,0.0,harness_hendrycksTest_conceptual_physics_5
open-llm-leaderboard/details_elinas__chronos-13b-v2,1,0.0574,0.0,0.5,0.0,0.4426,0.0,harness_hendrycksTest_conceptual_physics_5
open-llm-leaderboard/details_GOAT-AI__GOAT-7B-Community,1,0.03,0.0,0.43,0.0,0.4,0.0,harness_hendrycksTest_conceptual_physics_5
open-llm-leaderboard/details_IGeniusDev__llama13B-quant8-testv1-openorca-customdataset,1,0.0472,0.0,0.46,0.0,0.4128,0.0,harness_hendrycksTest_conceptual_physics_5
open-llm-leaderboard/details_kingbri__chronolima-airo-grad-l2-13B,1,0.0332,0.0,0.48,0.0,0.4468,0.0,harness_hendrycksTest_conceptual_physics_5
open-llm-leaderboard/details_The-Face-Of-Goonery__Chronos-Beluga-v2-13bfp16,1,0.0247,0.0,0.48,0.0,0.4553,0.0,harness_hendrycksTest_conceptual_physics_5
open-llm-leaderboard/details_HiTZ__alpaca-lora-65b-en-pt-es-ca,1,0.023,0.0,0.56,0.0,0.583,0.0,harness_hendrycksTest_conceptual_physics_5
open-llm-leaderboard/details_totally-not-an-llm__EverythingLM-13b-V2-16k,1,0.0183,0.0,0.38,0.0,0.3617,0.0,harness_hendrycksTest_conceptual_physics_5
open-llm-leaderboard/details_rombodawg__LosslessMegaCoder-llama2-7b-mini,1,0.007,0.0,0.41,0.0,0.417,0.0,harness_hendrycksTest_conceptual_physics_5
open-llm-leaderboard/details_Sao10K__Stheno-L2-13B,1,0.004,0.0,0.43,0.0,0.434,0.0,harness_hendrycksTest_conceptual_physics_5
open-llm-leaderboard/details_Open-Orca__OpenOrca-Preview1-13B,1,0.0015,0.0,0.39,0.0,0.3915,0.0,harness_hendrycksTest_conceptual_physics_5
open-llm-leaderboard/details_YeungNLP__firefly-llama2-13b-v1.2,1,0.0043,0.0,0.4,0.0,0.3957,0.0,harness_hendrycksTest_conceptual_physics_5
open-llm-leaderboard/details_fblgit__UNA-POLAR-10.7B-InstructMath-v2,1,0.0129,0.0,0.52,0.0,0.5071,0.0,harness_hendrycksTest_professional_accounting_5
open-llm-leaderboard/details_SanjiWatsuki__neural-chat-7b-v3-3-wizardmath-dare-me,1,0.1074,0.0,0.54,0.0,0.4326,0.0,harness_hendrycksTest_professional_accounting_5
open-llm-leaderboard/details_ed001__datascience-coder-6.7b,1,0.0938,0.0,0.42,0.0,0.3262,0.0,harness_hendrycksTest_professional_accounting_5
open-llm-leaderboard/details_WizardLM__WizardMath-7B-V1.0,1,0.0518,0.0,0.41,0.0,0.3582,0.0,harness_hendrycksTest_professional_accounting_5
open-llm-leaderboard/details_rombodawg__Everyone-Coder-4x7b-Base,1,0.0742,0.0,0.56,0.0,0.4858,0.0,harness_hendrycksTest_professional_accounting_5
open-llm-leaderboard/details_OpenBuddy__openbuddy-deepseekcoder-33b-v16.1-32k,1,0.1131,0.0,0.45,0.0,0.3369,0.0,harness_hendrycksTest_professional_accounting_5
open-llm-leaderboard/details_mrm8488__llama-2-coder-7b,1,0.0354,0.0,0.39,0.0,0.3546,0.0,harness_hendrycksTest_professional_accounting_5
open-llm-leaderboard/details_bigcode__starcoderplus,1,0.0179,0.0,0.33,0.0,0.3121,0.0,harness_hendrycksTest_professional_accounting_5
open-llm-leaderboard/details_GeorgiaTechResearchInstitute__starcoder-gpteacher-code-instruct,1,0.036,0.0,0.23,0.0,0.266,0.0,harness_hendrycksTest_professional_accounting_5
open-llm-leaderboard/details_deepseek-ai__deepseek-coder-1.3b-instruct,1,0.0047,0.0,0.24,0.0,0.2447,0.0,harness_hendrycksTest_professional_accounting_5
open-llm-leaderboard/details_uukuguy__speechless-coder-ds-1.3b,1,0.0918,0.0,0.34,0.0,0.2482,0.0,harness_hendrycksTest_professional_accounting_5
open-llm-leaderboard/details_Swisslex__Mixtral-Orca-v0.1,1,0.0313,0.0,0.51,0.0,0.4787,0.0,harness_hendrycksTest_professional_accounting_5
open-llm-leaderboard/details_wang7776__Mistral-7B-Instruct-v0.2-sparsity-20,1,0.0479,0.0,0.36,0.0,0.3121,0.0,harness_hendrycksTest_professional_accounting_5
open-llm-leaderboard/details_macadeliccc__polyglot-math-4x7b,1,0.0384,0.0,0.51,0.0,0.4716,0.0,harness_hendrycksTest_professional_accounting_5
open-llm-leaderboard/details_CallComply__SOLAR-10.7B-Instruct-v1.0-128k,1,0.0351,0.0,0.45,0.0,0.4149,0.0,harness_hendrycksTest_professional_accounting_5
open-llm-leaderboard/details_bhavinjawade__SOLAR-10B-Nector-DPO-Jawade,1,0.0252,0.0,0.55,0.0,0.5248,0.0,harness_hendrycksTest_professional_accounting_5
open-llm-leaderboard/details_cloudyu__Yi-34Bx3-MoE-90B,1,0.0617,0.0,0.7,0.0,0.6383,0.0,harness_hendrycksTest_professional_accounting_5
open-llm-leaderboard/details_flemmingmiguel__NeuDist-Ro-7B,1,0.0594,0.0,0.57,0.0,0.5106,0.0,harness_hendrycksTest_professional_accounting_5
open-llm-leaderboard/details_KnutJaegersberg__Qwen-14B-Llamafied,1,0.0613,0.0,0.54,0.0,0.4787,0.0,harness_hendrycksTest_professional_accounting_5
open-llm-leaderboard/details_charlesdedampierre__TopicNeuralHermes-2.5-Mistral-7B,1,0.0458,0.0,0.56,0.0,0.5142,0.0,harness_hendrycksTest_professional_accounting_5
open-llm-leaderboard/details_udkai__Turdus,1,0.0642,0.0,0.55,0.0,0.4858,0.0,harness_hendrycksTest_professional_accounting_5
open-llm-leaderboard/details_AA051611__A0110,1,0.0536,0.0,0.66,0.0,0.6064,0.0,harness_hendrycksTest_professional_accounting_5
open-llm-leaderboard/details_umd-zhou-lab__claude2-alpaca-13B,1,0.0764,0.0,0.47,0.0,0.3936,0.0,harness_hendrycksTest_professional_accounting_5
open-llm-leaderboard/details_umd-zhou-lab__recycled-wizardlm-7b-v2.0,1,0.0483,0.0,0.41,0.0,0.3617,0.0,harness_hendrycksTest_professional_accounting_5
open-llm-leaderboard/details_cognitivecomputations__yayi2-30b-llama,1,0.0052,0.0,0.64,0.0,0.6348,0.0,harness_hendrycksTest_professional_accounting_5
open-llm-leaderboard/details_Mihaiii__Pallas-0.5-LASER-0.6,1,0.0313,0.0,0.62,0.0,0.5887,0.0,harness_hendrycksTest_professional_accounting_5
open-llm-leaderboard/details_UCLA-AGI__test0,1,0.0848,0.0,0.56,0.0,0.4752,0.0,harness_hendrycksTest_professional_accounting_5
open-llm-leaderboard/details_Mihaiii__Pallas-0.5-LASER-0.4,1,0.0249,0.0,0.61,0.0,0.5851,0.0,harness_hendrycksTest_professional_accounting_5
open-llm-leaderboard/details_jondurbin__bagel-dpo-34b-v0.2,1,0.0923,0.0,0.72,0.0,0.6277,0.0,harness_hendrycksTest_professional_accounting_5
open-llm-leaderboard/details_Weyaxi__Nous-Hermes-2-SUS-Chat-2x34B,1,0.0117,0.0,0.65,0.0,0.6383,0.0,harness_hendrycksTest_professional_accounting_5
open-llm-leaderboard/details_shadowml__Marcoro14-7B-ties,1,0.06,0.0,0.56,0.0,0.5,0.0,harness_hendrycksTest_professional_accounting_5
open-llm-leaderboard/details_NousResearch__Nous-Hermes-2-SOLAR-10.7B,1,0.0523,0.0,0.57,0.0,0.5177,0.0,harness_hendrycksTest_professional_accounting_5
open-llm-leaderboard/details_nlpguy__ColorShadow-7B,1,0.0555,0.0,0.52,0.0,0.4645,0.0,harness_hendrycksTest_professional_accounting_5
open-llm-leaderboard/details_Locutusque__Orca-2-13b-SFT-v6,1,0.0761,0.0,0.53,0.0,0.4539,0.0,harness_hendrycksTest_professional_accounting_5
open-llm-leaderboard/details_Undi95__Mistral-11B-v0.1,1,0.07,0.0,0.57,0.0,0.5,0.0,harness_hendrycksTest_professional_accounting_5
open-llm-leaderboard/details_kyujinpy__Sakura-SOLRCA-Instruct-DPO,1,0.0165,0.0,0.48,0.0,0.4965,0.0,harness_hendrycksTest_professional_accounting_5
open-llm-leaderboard/details_diffnamehard__Mistral-CatMacaroni-slerp-uncensored,1,0.049,0.0,0.51,0.0,0.461,0.0,harness_hendrycksTest_professional_accounting_5
open-llm-leaderboard/details_Azazelle__Half-NSFW_Noromaid-7b,1,0.0484,0.0,0.52,0.0,0.4716,0.0,harness_hendrycksTest_professional_accounting_5
open-llm-leaderboard/details_brucethemoose__Yi-34B-200K-DARE-merge-v5,1,0.0211,0.0,0.67,0.0,0.6489,0.0,harness_hendrycksTest_professional_accounting_5
open-llm-leaderboard/details_Weyaxi__SauerkrautLM-UNA-SOLAR-Instruct,1,0.0135,0.0,0.49,0.0,0.5035,0.0,harness_hendrycksTest_professional_accounting_5
open-llm-leaderboard/details_luffycodes__vicuna-class-shishya-ac-hal-13b-ep3,1,0.0422,0.0,0.45,0.0,0.4078,0.0,harness_hendrycksTest_professional_accounting_5
open-llm-leaderboard/details_acrastt__kalomaze-stuff,1,0.0635,0.0,0.56,0.0,0.4965,0.0,harness_hendrycksTest_professional_accounting_5
open-llm-leaderboard/details_Mihaiii__Pallas-0.4,1,0.0901,0.0,0.7,0.0,0.6099,0.0,harness_hendrycksTest_professional_accounting_5
open-llm-leaderboard/details_cyberagent__calm2-7b-chat,1,0.0138,0.0,0.34,0.0,0.3262,0.0,harness_hendrycksTest_professional_accounting_5
open-llm-leaderboard/details_wang7776__Llama-2-7b-chat-hf-10-sparsity,1,0.0635,0.0,0.45,0.0,0.3865,0.0,harness_hendrycksTest_professional_accounting_5
open-llm-leaderboard/details_perlthoughts__Chupacabra-7B-v2.03,1,0.0532,0.0,0.5,0.0,0.4468,0.0,harness_hendrycksTest_professional_accounting_5
open-llm-leaderboard/details_chargoddard__servile-harpsichord-cdpo,1,0.0613,0.0,0.54,0.0,0.4787,0.0,harness_hendrycksTest_professional_accounting_5
open-llm-leaderboard/details_Intel__neural-chat-7b-v3-3-Slerp,1,0.0861,0.0,0.54,0.0,0.4539,0.0,harness_hendrycksTest_professional_accounting_5
open-llm-leaderboard/details_itsliupeng__openllama-7b-base,1,0.0246,0.0,0.33,0.0,0.3546,0.0,harness_hendrycksTest_professional_accounting_5
open-llm-leaderboard/details_jondurbin__spicyboros-70b-2.2,1,0.0784,0.0,0.66,0.0,0.5816,0.0,harness_hendrycksTest_professional_accounting_5
open-llm-leaderboard/details_hfl__chinese-alpaca-2-13b-16k,1,0.0422,0.0,0.45,0.0,0.4078,0.0,harness_hendrycksTest_professional_accounting_5
open-llm-leaderboard/details_TokenBender__pic_7B_mistral_Full_v0.1,1,0.0567,0.0,0.5,0.0,0.4433,0.0,harness_hendrycksTest_professional_accounting_5
open-llm-leaderboard/details_kyujinpy__PlatYi-34B-Llama,1,0.0298,0.0,0.7,0.0,0.6702,0.0,harness_hendrycksTest_professional_accounting_5
open-llm-leaderboard/details_ajibawa-2023__Python-Code-33B,1,0.0987,0.0,0.51,0.0,0.4113,0.0,harness_hendrycksTest_professional_accounting_5
open-llm-leaderboard/details_simonveitner__MathHermes-2.5-Mistral-7B,1,0.0406,0.0,0.53,0.0,0.4894,0.0,harness_hendrycksTest_professional_accounting_5
open-llm-leaderboard/details_fblgit__una-cybertron-7b-v2-bf16,1,0.0735,0.0,0.57,0.0,0.4965,0.0,harness_hendrycksTest_professional_accounting_5
open-llm-leaderboard/details_SciPhi__SciPhi-Self-RAG-Mistral-7B-32k,1,0.0796,0.0,0.53,0.0,0.4504,0.0,harness_hendrycksTest_professional_accounting_5
open-llm-leaderboard/details_Undi95__Llama2-13B-no_robots-alpaca-lora,1,0.0216,0.0,0.44,0.0,0.4184,0.0,harness_hendrycksTest_professional_accounting_5
open-llm-leaderboard/details_jondurbin__airoboros-m-7b-3.1.2,1,0.0303,0.0,0.47,0.0,0.4397,0.0,harness_hendrycksTest_professional_accounting_5
open-llm-leaderboard/details_bofenghuang__vigostral-7b-chat,1,0.0642,0.0,0.55,0.0,0.4858,0.0,harness_hendrycksTest_professional_accounting_5
open-llm-leaderboard/details_luffycodes__llama-shishya-7b-ep3-v1,1,0.056,0.0,0.4,0.0,0.344,0.0,harness_hendrycksTest_professional_accounting_5
open-llm-leaderboard/details_elinas__chronos-70b-v2,1,0.0552,0.0,0.58,0.0,0.5248,0.0,harness_hendrycksTest_professional_accounting_5
open-llm-leaderboard/details_Sao10K__Stheno-1.8-L2-13B,1,0.1061,0.0,0.56,0.0,0.4539,0.0,harness_hendrycksTest_professional_accounting_5
open-llm-leaderboard/details_oh-yeontaek__llama-2-13B-LoRA-assemble,1,0.0684,0.0,0.54,0.0,0.4716,0.0,harness_hendrycksTest_professional_accounting_5
open-llm-leaderboard/details_migtissera__SynthIA-7B-v1.3,1,0.0503,0.0,0.49,0.0,0.4397,0.0,harness_hendrycksTest_professional_accounting_5
open-llm-leaderboard/details_PygmalionAI__pygmalion-2-7b,1,0.0699,0.0,0.46,0.0,0.3901,0.0,harness_hendrycksTest_professional_accounting_5
open-llm-leaderboard/details_JosephusCheung__Pwen-14B-Chat-20_30,1,0.001,0.0,0.46,0.0,0.461,0.0,harness_hendrycksTest_professional_accounting_5
open-llm-leaderboard/details_jondurbin__airoboros-c34b-2.2.1,1,0.0699,0.0,0.46,0.0,0.3901,0.0,harness_hendrycksTest_professional_accounting_5
open-llm-leaderboard/details_DevaMalla__llama_7b_qlora_pds-eval,1,0.0143,0.0,0.28,0.0,0.2943,0.0,harness_hendrycksTest_professional_accounting_5
open-llm-leaderboard/details_BELLE-2__BELLE-Llama2-13B-chat-0.4M,1,0.0493,0.0,0.45,0.0,0.4007,0.0,harness_hendrycksTest_professional_accounting_5
open-llm-leaderboard/details_mncai__Llama2-7B-guanaco-1k,1,0.0948,0.0,0.46,0.0,0.3652,0.0,harness_hendrycksTest_professional_accounting_5
open-llm-leaderboard/details_PocketDoc__Dans-AdventurousWinds-7b,1,0.06,0.0,0.56,0.0,0.5,0.0,harness_hendrycksTest_professional_accounting_5
open-llm-leaderboard/details_TheBloke__Wizard-Vicuna-13B-Uncensored-HF,1,0.0483,0.0,0.41,0.0,0.3617,0.0,harness_hendrycksTest_professional_accounting_5
open-llm-leaderboard/details_TheBloke__airoboros-13B-HF,1,0.0348,0.0,0.4,0.0,0.3652,0.0,harness_hendrycksTest_professional_accounting_5
open-llm-leaderboard/details_NewstaR__Koss-7B-chat,1,0.0254,0.0,0.38,0.0,0.3546,0.0,harness_hendrycksTest_professional_accounting_5
open-llm-leaderboard/details_PygmalionAI__pygmalion-2-13b,1,0.0899,0.0,0.48,0.0,0.3901,0.0,harness_hendrycksTest_professional_accounting_5
open-llm-leaderboard/details_maximuslee07__llama-2-7b-rockwell-final,1,0.0357,0.0,0.44,0.0,0.4043,0.0,harness_hendrycksTest_professional_accounting_5
open-llm-leaderboard/details_Undi95__MLewd-ReMM-L2-Chat-20B,1,0.089,0.0,0.55,0.0,0.461,0.0,harness_hendrycksTest_professional_accounting_5
open-llm-leaderboard/details_TFLai__Airboros2.1-Platypus2-13B-QLora-0.80-epoch,1,0.0745,0.0,0.5,0.0,0.4255,0.0,harness_hendrycksTest_professional_accounting_5
open-llm-leaderboard/details_jondurbin__airoboros-7b-gpt4-1.4.1-qlora,1,0.0234,0.0,0.3,0.0,0.2766,0.0,harness_hendrycksTest_professional_accounting_5
open-llm-leaderboard/details_TheBloke__Wizard-Vicuna-7B-Uncensored-HF,1,0.0067,0.0,0.34,0.0,0.3333,0.0,harness_hendrycksTest_professional_accounting_5
open-llm-leaderboard/details_jondurbin__airoboros-7b-gpt4-1.1,1,0.0173,0.0,0.34,0.0,0.3227,0.0,harness_hendrycksTest_professional_accounting_5
open-llm-leaderboard/details_TFLai__Nous-Hermes-Platypus2-13B-QLoRA-0.80-epoch,1,0.1345,0.0,0.56,0.0,0.4255,0.0,harness_hendrycksTest_professional_accounting_5
open-llm-leaderboard/details_Undi95__MLewd-L2-13B,1,0.0909,0.0,0.52,0.0,0.4291,0.0,harness_hendrycksTest_professional_accounting_5
open-llm-leaderboard/details_Aspik101__vicuna-13b-v1.5-PL-lora_unload,1,0.0487,0.0,0.46,0.0,0.4113,0.0,harness_hendrycksTest_professional_accounting_5
open-llm-leaderboard/details_CHIH-HUNG__llama-2-13b-huangyt_Fintune_1_17w-q_k_v_o_proj,1,0.0922,0.0,0.5,0.0,0.4078,0.0,harness_hendrycksTest_professional_accounting_5
open-llm-leaderboard/details_huggingface__llama-7b,1,0.033,0.0,0.24,0.0,0.273,0.0,harness_hendrycksTest_professional_accounting_5
open-llm-leaderboard/details_The-Face-Of-Goonery__Huginn-13b-FP16,1,0.0587,0.0,0.47,0.0,0.4113,0.0,harness_hendrycksTest_professional_accounting_5
open-llm-leaderboard/details_OpenAssistant__llama2-70b-oasst-sft-v10,1,0.0816,0.0,0.61,0.0,0.5284,0.0,harness_hendrycksTest_professional_accounting_5
open-llm-leaderboard/details_huggingface__llama-30b,1,0.0538,0.0,0.49,0.0,0.4362,0.0,harness_hendrycksTest_professional_accounting_5
open-llm-leaderboard/details_stabilityai__StableBeluga-13B,1,0.1074,0.0,0.54,0.0,0.4326,0.0,harness_hendrycksTest_professional_accounting_5
open-llm-leaderboard/details_ehartford__based-30b,1,0.0538,0.0,0.49,0.0,0.4362,0.0,harness_hendrycksTest_professional_accounting_5
open-llm-leaderboard/details_digitous__Javalion-R,1,0.0263,0.0,0.31,0.0,0.2837,0.0,harness_hendrycksTest_professional_accounting_5
open-llm-leaderboard/details_camel-ai__CAMEL-13B-Combined-Data,1,0.0202,0.0,0.35,0.0,0.3298,0.0,harness_hendrycksTest_professional_accounting_5
open-llm-leaderboard/details_wenge-research__yayi-7b,1,0.005,0.0,0.3,0.0,0.305,0.0,harness_hendrycksTest_professional_accounting_5
open-llm-leaderboard/details_WeOpenML__Alpaca-7B-v1,1,0.0295,0.0,0.24,0.0,0.2695,0.0,harness_hendrycksTest_professional_accounting_5
open-llm-leaderboard/details_elinas__chronos-13b-v2,1,0.1193,0.0,0.52,0.0,0.4007,0.0,harness_hendrycksTest_professional_accounting_5
open-llm-leaderboard/details_GOAT-AI__GOAT-7B-Community,1,0.0389,0.0,0.39,0.0,0.3511,0.0,harness_hendrycksTest_professional_accounting_5
open-llm-leaderboard/details_IGeniusDev__llama13B-quant8-testv1-openorca-customdataset,1,0.0706,0.0,0.45,0.0,0.3794,0.0,harness_hendrycksTest_professional_accounting_5
open-llm-leaderboard/details_kingbri__chronolima-airo-grad-l2-13B,1,0.1016,0.0,0.52,0.0,0.4184,0.0,harness_hendrycksTest_professional_accounting_5
open-llm-leaderboard/details_The-Face-Of-Goonery__Chronos-Beluga-v2-13bfp16,1,0.0732,0.0,0.52,0.0,0.4468,0.0,harness_hendrycksTest_professional_accounting_5
open-llm-leaderboard/details_HiTZ__alpaca-lora-65b-en-pt-es-ca,1,0.0813,0.0,0.56,0.0,0.4787,0.0,harness_hendrycksTest_professional_accounting_5
open-llm-leaderboard/details_totally-not-an-llm__EverythingLM-13b-V2-16k,1,0.1364,0.0,0.53,0.0,0.3936,0.0,harness_hendrycksTest_professional_accounting_5
open-llm-leaderboard/details_rombodawg__LosslessMegaCoder-llama2-7b-mini,1,0.0799,0.0,0.47,0.0,0.3901,0.0,harness_hendrycksTest_professional_accounting_5
open-llm-leaderboard/details_Sao10K__Stheno-L2-13B,1,0.0816,0.0,0.5,0.0,0.4184,0.0,harness_hendrycksTest_professional_accounting_5
open-llm-leaderboard/details_Open-Orca__OpenOrca-Preview1-13B,1,0.0806,0.0,0.46,0.0,0.3794,0.0,harness_hendrycksTest_professional_accounting_5
open-llm-leaderboard/details_YeungNLP__firefly-llama2-13b-v1.2,1,0.0857,0.0,0.49,0.0,0.4043,0.0,harness_hendrycksTest_professional_accounting_5
