model_name,n_seeds,simple_random_error_mean,simple_random_error_std,simple_random_prediction_mean,simple_random_prediction_std,simple_random_true_performance_mean,simple_random_true_performance_std,dataset
open-llm-leaderboard/details_Q-bert__MetaMath-Cybertron-Starling,1,0.0182,0.0,0.8,0.0,0.7818,0.0,harness_hendrycksTest_high_school_european_history_5
open-llm-leaderboard/details_abacusai__Fewshot-Metamath-OrcaVicuna-Mistral,1,0.0606,0.0,0.8,0.0,0.7394,0.0,harness_hendrycksTest_high_school_european_history_5
open-llm-leaderboard/details_rameshm__llama-2-13b-mathgpt-v4,1,0.0576,0.0,0.5,0.0,0.4424,0.0,harness_hendrycksTest_high_school_european_history_5
open-llm-leaderboard/details_qblocks__mistral_7b_DolphinCoder,1,0.103,0.0,0.8,0.0,0.697,0.0,harness_hendrycksTest_high_school_european_history_5
open-llm-leaderboard/details_rombodawg__LosslessMegaCoder-llama2-13b-mini,1,0.0788,0.0,0.8,0.0,0.7212,0.0,harness_hendrycksTest_high_school_european_history_5
open-llm-leaderboard/details_mrm8488__llama-2-coder-7b,1,0.1182,0.0,0.7,0.0,0.5818,0.0,harness_hendrycksTest_high_school_european_history_5
open-llm-leaderboard/details_jondurbin__airocoder-34b-2.1,1,0.0424,0.0,0.6,0.0,0.6424,0.0,harness_hendrycksTest_high_school_european_history_5
open-llm-leaderboard/details_WizardLM__WizardCoder-15B-V1.0,1,0.1606,0.0,0.5,0.0,0.3394,0.0,harness_hendrycksTest_high_school_european_history_5
open-llm-leaderboard/details_ceadar-ie__FinanceConnect-13B,1,0.1061,0.0,0.7,0.0,0.5939,0.0,harness_hendrycksTest_high_school_european_history_5
open-llm-leaderboard/details_Harshvir__Llama-2-7B-physics,1,0.0939,0.0,0.7,0.0,0.6061,0.0,harness_hendrycksTest_high_school_european_history_5
open-llm-leaderboard/details_zhengr__MixTAO-7Bx2-MoE-DPO,1,0.0303,0.0,0.8,0.0,0.7697,0.0,harness_hendrycksTest_high_school_european_history_5
open-llm-leaderboard/details_alignment-handbook__zephyr-7b-sft-full,1,0.0333,0.0,0.7,0.0,0.7333,0.0,harness_hendrycksTest_high_school_european_history_5
open-llm-leaderboard/details_rombodawg__Leaderboard-killer-MoE_4x7b,1,0.0061,0.0,0.8,0.0,0.7939,0.0,harness_hendrycksTest_high_school_european_history_5
open-llm-leaderboard/details_moreh__MoMo-70B-lora-1.8.6-DPO,1,0.0667,0.0,0.8,0.0,0.8667,0.0,harness_hendrycksTest_high_school_european_history_5
open-llm-leaderboard/details_nfaheem__Marcoroni-7b-DPO-Merge,1,0.0424,0.0,0.8,0.0,0.7576,0.0,harness_hendrycksTest_high_school_european_history_5
open-llm-leaderboard/details_AA051611__limb,1,0.0364,0.0,0.8,0.0,0.8364,0.0,harness_hendrycksTest_high_school_european_history_5
open-llm-leaderboard/details_Locutusque__Rhino-Mistral-7B,1,0.1394,0.0,0.8,0.0,0.6606,0.0,harness_hendrycksTest_high_school_european_history_5
open-llm-leaderboard/details_flemmingmiguel__NeuDist-Ro-7B,1,0.0303,0.0,0.8,0.0,0.7697,0.0,harness_hendrycksTest_high_school_european_history_5
open-llm-leaderboard/details_KnutJaegersberg__Qwen-14B-Llamafied,1,0.1818,0.0,0.4,0.0,0.2182,0.0,harness_hendrycksTest_high_school_european_history_5
open-llm-leaderboard/details_Unbabel__TowerInstruct-7B-v0.1,1,0.0121,0.0,0.6,0.0,0.6121,0.0,harness_hendrycksTest_high_school_european_history_5
open-llm-leaderboard/details_charlesdedampierre__TopicNeuralHermes-2.5-Mistral-7B,1,0.0,0.0,0.8,0.0,0.8,0.0,harness_hendrycksTest_high_school_european_history_5
open-llm-leaderboard/details_Pierre-obi__Mistral_solar-slerp,1,0.097,0.0,0.2,0.0,0.297,0.0,harness_hendrycksTest_high_school_european_history_5
open-llm-leaderboard/details_rishiraj__oswald-7b,1,0.0061,0.0,0.8,0.0,0.7939,0.0,harness_hendrycksTest_high_school_european_history_5
open-llm-leaderboard/details_CultriX__MistralTrixTest,1,0.0303,0.0,0.8,0.0,0.7697,0.0,harness_hendrycksTest_high_school_european_history_5
open-llm-leaderboard/details_Delcos__Velara-11B-V2,1,0.0303,0.0,0.8,0.0,0.7697,0.0,harness_hendrycksTest_high_school_european_history_5
open-llm-leaderboard/details_cognitivecomputations__yayi2-30b-llama,1,0.0848,0.0,0.6,0.0,0.6848,0.0,harness_hendrycksTest_high_school_european_history_5
open-llm-leaderboard/details_Neuronovo__neuronovo-7B-v0.1,1,0.0121,0.0,0.8,0.0,0.7879,0.0,harness_hendrycksTest_high_school_european_history_5
open-llm-leaderboard/details_shadowml__Daredevil-7B,1,0.0242,0.0,0.8,0.0,0.7758,0.0,harness_hendrycksTest_high_school_european_history_5
open-llm-leaderboard/details_UCLA-AGI__test,1,0.1303,0.0,0.9,0.0,0.7697,0.0,harness_hendrycksTest_high_school_european_history_5
open-llm-leaderboard/details_OpenBuddy__openbuddy-mixtral-7bx8-v16.3-32k,1,0.0424,0.0,0.8,0.0,0.8424,0.0,harness_hendrycksTest_high_school_european_history_5
open-llm-leaderboard/details_jondurbin__bagel-dpo-34b-v0.2,1,0.1667,0.0,0.7,0.0,0.8667,0.0,harness_hendrycksTest_high_school_european_history_5
open-llm-leaderboard/details_TomGrc__FusionNet_passthrough_v0.1,1,0.0061,0.0,0.8,0.0,0.8061,0.0,harness_hendrycksTest_high_school_european_history_5
open-llm-leaderboard/details_decapoda-research__Antares-11b-v1,1,0.0121,0.0,0.8,0.0,0.7879,0.0,harness_hendrycksTest_high_school_european_history_5
open-llm-leaderboard/details_cognitivecomputations__dolphin-2.2-yi-34b-200k,1,0.0273,0.0,0.7,0.0,0.7273,0.0,harness_hendrycksTest_high_school_european_history_5
open-llm-leaderboard/details_NousResearch__Nous-Hermes-2-Yi-34B,1,0.0788,0.0,0.8,0.0,0.8788,0.0,harness_hendrycksTest_high_school_european_history_5
open-llm-leaderboard/details_liuda1__dm7b_sft_gpt88w_merge,1,0.0303,0.0,0.8,0.0,0.7697,0.0,harness_hendrycksTest_high_school_european_history_5
open-llm-leaderboard/details_Yhyu13__LMCocktail-Mistral-7B-v1,1,0.0545,0.0,0.8,0.0,0.7455,0.0,harness_hendrycksTest_high_school_european_history_5
open-llm-leaderboard/details_abdulrahman-nuzha__finetuned-Mistral-5000-v1.0,1,0.0848,0.0,0.8,0.0,0.7152,0.0,harness_hendrycksTest_high_school_european_history_5
open-llm-leaderboard/details_zyh3826__GML-Mistral-merged-v1,1,0.0242,0.0,0.8,0.0,0.7758,0.0,harness_hendrycksTest_high_school_european_history_5
open-llm-leaderboard/details_Weyaxi__SauerkrautLM-UNA-SOLAR-Instruct,1,0.0061,0.0,0.8,0.0,0.8061,0.0,harness_hendrycksTest_high_school_european_history_5
open-llm-leaderboard/details_Zangs3011__mistral_7b_DolphinCoder,1,0.103,0.0,0.8,0.0,0.697,0.0,harness_hendrycksTest_high_school_european_history_5
open-llm-leaderboard/details_xDAN-AI__xDAN-L1Mix-DeepThinking-v2,1,0.0424,0.0,0.8,0.0,0.7576,0.0,harness_hendrycksTest_high_school_european_history_5
open-llm-leaderboard/details_upaya07__Birbal-7B-V1,1,0.0424,0.0,0.8,0.0,0.7576,0.0,harness_hendrycksTest_high_school_european_history_5
open-llm-leaderboard/details_cookinai__BruinHermes,1,0.0364,0.0,0.8,0.0,0.7636,0.0,harness_hendrycksTest_high_school_european_history_5
open-llm-leaderboard/details_martyn__llama2-megamerge-dare-13b-v2,1,0.0485,0.0,0.6,0.0,0.6485,0.0,harness_hendrycksTest_high_school_european_history_5
open-llm-leaderboard/details_Mihaiii__Metis-0.1,1,0.0364,0.0,0.8,0.0,0.7636,0.0,harness_hendrycksTest_high_school_european_history_5
open-llm-leaderboard/details_Undi95__Mixtral-8x7B-MoE-RP-Story,1,0.0364,0.0,0.4,0.0,0.3636,0.0,harness_hendrycksTest_high_school_european_history_5
open-llm-leaderboard/details_perlthoughts__Starling-LM-alpha-8x7B-MoE,1,0.0364,0.0,0.8,0.0,0.7636,0.0,harness_hendrycksTest_high_school_european_history_5
open-llm-leaderboard/details_perlthoughts__Chupacabra-8x7B-MoE,1,0.0242,0.0,0.8,0.0,0.7758,0.0,harness_hendrycksTest_high_school_european_history_5
open-llm-leaderboard/details_kyujinpy__PlatYi-34B-200K-Q,1,0.0788,0.0,0.8,0.0,0.8788,0.0,harness_hendrycksTest_high_school_european_history_5
open-llm-leaderboard/details_jondurbin__spicyboros-70b-2.2,1,0.0303,0.0,0.8,0.0,0.8303,0.0,harness_hendrycksTest_high_school_european_history_5
open-llm-leaderboard/details_perlthoughts__Falkor-7b,1,0.0182,0.0,0.8,0.0,0.7818,0.0,harness_hendrycksTest_high_school_european_history_5
open-llm-leaderboard/details_Locutusque__Orca-2-13B-no_robots,1,0.1273,0.0,0.6,0.0,0.7273,0.0,harness_hendrycksTest_high_school_european_history_5
open-llm-leaderboard/details_haoranxu__ALMA-13B,1,0.1606,0.0,0.5,0.0,0.6606,0.0,harness_hendrycksTest_high_school_european_history_5
open-llm-leaderboard/details_TokenBender__pic_7B_mistral_Full_v0.1,1,0.0303,0.0,0.8,0.0,0.7697,0.0,harness_hendrycksTest_high_school_european_history_5
open-llm-leaderboard/details_kyujinpy__PlatYi-34B-Llama,1,0.0788,0.0,0.8,0.0,0.8788,0.0,harness_hendrycksTest_high_school_european_history_5
open-llm-leaderboard/details_Weyaxi__Platypus-Nebula-v2-7B,1,0.003,0.0,0.7,0.0,0.703,0.0,harness_hendrycksTest_high_school_european_history_5
open-llm-leaderboard/details_922-CA__monika-ddlc-7b-v1,1,0.0364,0.0,0.6,0.0,0.5636,0.0,harness_hendrycksTest_high_school_european_history_5
open-llm-leaderboard/details_bofenghuang__vigostral-7b-chat,1,0.0485,0.0,0.8,0.0,0.7515,0.0,harness_hendrycksTest_high_school_european_history_5
open-llm-leaderboard/details_Secbone__llama-2-13B-instructed,1,0.1091,0.0,0.6,0.0,0.7091,0.0,harness_hendrycksTest_high_school_european_history_5
open-llm-leaderboard/details_Sao10K__Euryale-L2-70B,1,0.1121,0.0,0.7,0.0,0.8121,0.0,harness_hendrycksTest_high_school_european_history_5
open-llm-leaderboard/details_chargoddard__storytime-13b,1,0.0152,0.0,0.7,0.0,0.7152,0.0,harness_hendrycksTest_high_school_european_history_5
open-llm-leaderboard/details_SkunkworksAI__Mistralic-7B-1,1,0.0364,0.0,0.8,0.0,0.7636,0.0,harness_hendrycksTest_high_school_european_history_5
open-llm-leaderboard/details_DopeorNope__LaOT,1,0.097,0.0,0.8,0.0,0.703,0.0,harness_hendrycksTest_high_school_european_history_5
open-llm-leaderboard/details_CHIH-HUNG__llama-2-13b-FINETUNE3_3.3w-r8-gate_up_down,1,0.0091,0.0,0.7,0.0,0.6909,0.0,harness_hendrycksTest_high_school_european_history_5
open-llm-leaderboard/details_PygmalionAI__pygmalion-2-7b,1,0.0697,0.0,0.7,0.0,0.6303,0.0,harness_hendrycksTest_high_school_european_history_5
open-llm-leaderboard/details_KnutJaegersberg__deacon-13b,1,0.0091,0.0,0.7,0.0,0.6909,0.0,harness_hendrycksTest_high_school_european_history_5
open-llm-leaderboard/details_Sao10K__Zephyrus-L1-33B,1,0.003,0.0,0.7,0.0,0.697,0.0,harness_hendrycksTest_high_school_european_history_5
open-llm-leaderboard/details_beaugogh__Llama2-7b-openorca-mc-v2-dpo,1,0.0121,0.0,0.6,0.0,0.5879,0.0,harness_hendrycksTest_high_school_european_history_5
open-llm-leaderboard/details_Sao10K__BrainDerp2,1,0.003,0.0,0.7,0.0,0.697,0.0,harness_hendrycksTest_high_school_european_history_5
open-llm-leaderboard/details_camel-ai__CAMEL-13B-Role-Playing-Data,1,0.0121,0.0,0.6,0.0,0.6121,0.0,harness_hendrycksTest_high_school_european_history_5
open-llm-leaderboard/details_akjindal53244__Mistral-7B-v0.1-Open-Platypus,1,0.0424,0.0,0.8,0.0,0.7576,0.0,harness_hendrycksTest_high_school_european_history_5
open-llm-leaderboard/details_totally-not-an-llm__EverythingLM-13b-V3-peft,1,0.0394,0.0,0.7,0.0,0.6606,0.0,harness_hendrycksTest_high_school_european_history_5
open-llm-leaderboard/details_YeungNLP__firefly-llama2-7b-pretrain,1,0.0182,0.0,0.4,0.0,0.4182,0.0,harness_hendrycksTest_high_school_european_history_5
open-llm-leaderboard/details_Charlie911__vicuna-7b-v1.5-lora-mctaco-modified1,1,0.0424,0.0,0.6,0.0,0.6424,0.0,harness_hendrycksTest_high_school_european_history_5
open-llm-leaderboard/details_TheBloke__Wizard-Vicuna-13B-Uncensored-HF,1,0.1242,0.0,0.5,0.0,0.6242,0.0,harness_hendrycksTest_high_school_european_history_5
open-llm-leaderboard/details_dhmeltzer__Llama-2-13b-hf-ds_wiki_1024_full_r_64_alpha_16_merged,1,0.0545,0.0,0.6,0.0,0.6545,0.0,harness_hendrycksTest_high_school_european_history_5
open-llm-leaderboard/details_dotvignesh__perry-7b,1,0.0939,0.0,0.5,0.0,0.5939,0.0,harness_hendrycksTest_high_school_european_history_5
open-llm-leaderboard/details_hyunseoki__ko-ref-llama2-13b,1,0.103,0.0,0.2,0.0,0.303,0.0,harness_hendrycksTest_high_school_european_history_5
open-llm-leaderboard/details_yeontaek__WizardCoder-Python-13B-LoRa,1,0.103,0.0,0.4,0.0,0.503,0.0,harness_hendrycksTest_high_school_european_history_5
open-llm-leaderboard/details_ehartford__WizardLM-1.0-Uncensored-CodeLlama-34b,1,0.0485,0.0,0.6,0.0,0.6485,0.0,harness_hendrycksTest_high_school_european_history_5
open-llm-leaderboard/details_TFLai__Airboros2.1-Platypus2-13B-QLora-0.80-epoch,1,0.0212,0.0,0.7,0.0,0.7212,0.0,harness_hendrycksTest_high_school_european_history_5
open-llm-leaderboard/details_TheBloke__tulu-7B-fp16,1,0.0606,0.0,0.6,0.0,0.6606,0.0,harness_hendrycksTest_high_school_european_history_5
open-llm-leaderboard/details_heegyu__LIMA-13b-hf,1,0.0121,0.0,0.6,0.0,0.5879,0.0,harness_hendrycksTest_high_school_european_history_5
open-llm-leaderboard/details_jondurbin__airoboros-7b-gpt4-1.1,1,0.1848,0.0,0.7,0.0,0.5152,0.0,harness_hendrycksTest_high_school_european_history_5
open-llm-leaderboard/details_NousResearch__CodeLlama-34b-hf,1,0.0636,0.0,0.3,0.0,0.2364,0.0,harness_hendrycksTest_high_school_european_history_5
open-llm-leaderboard/details_CHIH-HUNG__llama-2-13b-huangyt_Fintune_1_17w-q_k_v_o_proj,1,0.003,0.0,0.7,0.0,0.697,0.0,harness_hendrycksTest_high_school_european_history_5
open-llm-leaderboard/details_chargoddard__llama2-22b-blocktriangular,1,0.0515,0.0,0.7,0.0,0.6485,0.0,harness_hendrycksTest_high_school_european_history_5
open-llm-leaderboard/details_huggingface__llama-30b,1,0.0667,0.0,0.8,0.0,0.7333,0.0,harness_hendrycksTest_high_school_european_history_5
open-llm-leaderboard/details_openlm-research__open_llama_7b,1,0.0909,0.0,0.2,0.0,0.2909,0.0,harness_hendrycksTest_high_school_european_history_5
open-llm-leaderboard/details_bofenghuang__vigogne-7b-instruct,1,0.097,0.0,0.6,0.0,0.503,0.0,harness_hendrycksTest_high_school_european_history_5
open-llm-leaderboard/details_davzoku__cria-llama2-7b-v1.3,1,0.0121,0.0,0.6,0.0,0.5879,0.0,harness_hendrycksTest_high_school_european_history_5
open-llm-leaderboard/details_xzuyn__Alpacino-SuperCOT-13B,1,0.0939,0.0,0.7,0.0,0.6061,0.0,harness_hendrycksTest_high_school_european_history_5
open-llm-leaderboard/details_jarradh__llama2_70b_chat_uncensored,1,0.0485,0.0,0.8,0.0,0.8485,0.0,harness_hendrycksTest_high_school_european_history_5
open-llm-leaderboard/details_mosaicml__mpt-30b-chat,1,0.0697,0.0,0.7,0.0,0.6303,0.0,harness_hendrycksTest_high_school_european_history_5
open-llm-leaderboard/details_Aspik101__StableBeluga-13B-instruct-PL-lora_unload,1,0.0909,0.0,0.8,0.0,0.7091,0.0,harness_hendrycksTest_high_school_european_history_5
open-llm-leaderboard/details_wahaha1987__llama_13b_sharegpt94k_fastchat,1,0.1667,0.0,0.5,0.0,0.6667,0.0,harness_hendrycksTest_high_school_european_history_5
open-llm-leaderboard/details_digitous__Javalion-R,1,0.103,0.0,0.2,0.0,0.303,0.0,harness_hendrycksTest_high_school_european_history_5
open-llm-leaderboard/details_Austism__chronos-hermes-13b-v2,1,0.0455,0.0,0.7,0.0,0.6545,0.0,harness_hendrycksTest_high_school_european_history_5
open-llm-leaderboard/details_camel-ai__CAMEL-13B-Combined-Data,1,0.0879,0.0,0.7,0.0,0.6121,0.0,harness_hendrycksTest_high_school_european_history_5
open-llm-leaderboard/details_elinas__chronos-13b-v2,1,0.0758,0.0,0.7,0.0,0.6242,0.0,harness_hendrycksTest_high_school_european_history_5
open-llm-leaderboard/details_IGeniusDev__llama13B-quant8-testv1-openorca-customdataset,1,0.1394,0.0,0.8,0.0,0.6606,0.0,harness_hendrycksTest_high_school_european_history_5
open-llm-leaderboard/details_openbmb__UltraLM-65b,1,0.0182,0.0,0.8,0.0,0.7818,0.0,harness_hendrycksTest_high_school_european_history_5
open-llm-leaderboard/details_shareAI__CodeLLaMA-chat-13b-Chinese,1,0.0909,0.0,0.2,0.0,0.2909,0.0,harness_hendrycksTest_high_school_european_history_5
open-llm-leaderboard/details_Sao10K__Stheno-L2-13B,1,0.1091,0.0,0.8,0.0,0.6909,0.0,harness_hendrycksTest_high_school_european_history_5
open-llm-leaderboard/details_TheBloke__OpenOrca-Platypus2-13B-GPTQ,1,0.1576,0.0,0.6,0.0,0.7576,0.0,harness_hendrycksTest_high_school_european_history_5
open-llm-leaderboard/details_bongchoi__test-llama2-7b,1,0.0636,0.0,0.7,0.0,0.6364,0.0,harness_hendrycksTest_high_school_european_history_5
open-llm-leaderboard/details_Q-bert__MetaMath-Cybertron-Starling,1,0.1248,0.0,0.6,0.0,0.4752,0.0,harness_hendrycksTest_professional_accounting_5
open-llm-leaderboard/details_abacusai__Fewshot-Metamath-OrcaVicuna-Mistral,1,0.2319,0.0,0.7,0.0,0.4681,0.0,harness_hendrycksTest_professional_accounting_5
open-llm-leaderboard/details_rameshm__llama-2-13b-mathgpt-v4,1,0.1879,0.0,0.5,0.0,0.3121,0.0,harness_hendrycksTest_professional_accounting_5
open-llm-leaderboard/details_qblocks__mistral_7b_DolphinCoder,1,0.1851,0.0,0.6,0.0,0.4149,0.0,harness_hendrycksTest_professional_accounting_5
open-llm-leaderboard/details_rombodawg__LosslessMegaCoder-llama2-13b-mini,1,0.2638,0.0,0.7,0.0,0.4362,0.0,harness_hendrycksTest_professional_accounting_5
open-llm-leaderboard/details_mrm8488__llama-2-coder-7b,1,0.0454,0.0,0.4,0.0,0.3546,0.0,harness_hendrycksTest_professional_accounting_5
open-llm-leaderboard/details_jondurbin__airocoder-34b-2.1,1,0.2596,0.0,0.6,0.0,0.3404,0.0,harness_hendrycksTest_professional_accounting_5
open-llm-leaderboard/details_WizardLM__WizardCoder-15B-V1.0,1,0.1163,0.0,0.4,0.0,0.2837,0.0,harness_hendrycksTest_professional_accounting_5
open-llm-leaderboard/details_ceadar-ie__FinanceConnect-13B,1,0.4418,0.0,0.8,0.0,0.3582,0.0,harness_hendrycksTest_professional_accounting_5
open-llm-leaderboard/details_Harshvir__Llama-2-7B-physics,1,0.1277,0.0,0.5,0.0,0.3723,0.0,harness_hendrycksTest_professional_accounting_5
open-llm-leaderboard/details_zhengr__MixTAO-7Bx2-MoE-DPO,1,0.0929,0.0,0.6,0.0,0.5071,0.0,harness_hendrycksTest_professional_accounting_5
open-llm-leaderboard/details_alignment-handbook__zephyr-7b-sft-full,1,0.1567,0.0,0.6,0.0,0.4433,0.0,harness_hendrycksTest_professional_accounting_5
open-llm-leaderboard/details_rombodawg__Leaderboard-killer-MoE_4x7b,1,0.2,0.0,0.7,0.0,0.5,0.0,harness_hendrycksTest_professional_accounting_5
open-llm-leaderboard/details_moreh__MoMo-70B-lora-1.8.6-DPO,1,0.0404,0.0,0.7,0.0,0.6596,0.0,harness_hendrycksTest_professional_accounting_5
open-llm-leaderboard/details_nfaheem__Marcoroni-7b-DPO-Merge,1,0.0213,0.0,0.5,0.0,0.4787,0.0,harness_hendrycksTest_professional_accounting_5
open-llm-leaderboard/details_AA051611__limb,1,0.0716,0.0,0.6,0.0,0.5284,0.0,harness_hendrycksTest_professional_accounting_5
open-llm-leaderboard/details_Locutusque__Rhino-Mistral-7B,1,0.2489,0.0,0.6,0.0,0.3511,0.0,harness_hendrycksTest_professional_accounting_5
open-llm-leaderboard/details_flemmingmiguel__NeuDist-Ro-7B,1,0.0894,0.0,0.6,0.0,0.5106,0.0,harness_hendrycksTest_professional_accounting_5
open-llm-leaderboard/details_KnutJaegersberg__Qwen-14B-Llamafied,1,0.0213,0.0,0.5,0.0,0.4787,0.0,harness_hendrycksTest_professional_accounting_5
open-llm-leaderboard/details_Unbabel__TowerInstruct-7B-v0.1,1,0.2028,0.0,0.6,0.0,0.3972,0.0,harness_hendrycksTest_professional_accounting_5
open-llm-leaderboard/details_charlesdedampierre__TopicNeuralHermes-2.5-Mistral-7B,1,0.0142,0.0,0.5,0.0,0.5142,0.0,harness_hendrycksTest_professional_accounting_5
open-llm-leaderboard/details_Pierre-obi__Mistral_solar-slerp,1,0.1121,0.0,0.2,0.0,0.3121,0.0,harness_hendrycksTest_professional_accounting_5
open-llm-leaderboard/details_rishiraj__oswald-7b,1,0.1,0.0,0.6,0.0,0.5,0.0,harness_hendrycksTest_professional_accounting_5
open-llm-leaderboard/details_CultriX__MistralTrixTest,1,0.1142,0.0,0.6,0.0,0.4858,0.0,harness_hendrycksTest_professional_accounting_5
open-llm-leaderboard/details_Delcos__Velara-11B-V2,1,0.1823,0.0,0.7,0.0,0.5177,0.0,harness_hendrycksTest_professional_accounting_5
open-llm-leaderboard/details_cognitivecomputations__yayi2-30b-llama,1,0.1652,0.0,0.8,0.0,0.6348,0.0,harness_hendrycksTest_professional_accounting_5
open-llm-leaderboard/details_Neuronovo__neuronovo-7B-v0.1,1,0.0142,0.0,0.5,0.0,0.5142,0.0,harness_hendrycksTest_professional_accounting_5
open-llm-leaderboard/details_shadowml__Daredevil-7B,1,0.0106,0.0,0.5,0.0,0.4894,0.0,harness_hendrycksTest_professional_accounting_5
open-llm-leaderboard/details_UCLA-AGI__test,1,0.1426,0.0,0.6,0.0,0.4574,0.0,harness_hendrycksTest_professional_accounting_5
open-llm-leaderboard/details_OpenBuddy__openbuddy-mixtral-7bx8-v16.3-32k,1,0.0532,0.0,0.5,0.0,0.5532,0.0,harness_hendrycksTest_professional_accounting_5
open-llm-leaderboard/details_jondurbin__bagel-dpo-34b-v0.2,1,0.2723,0.0,0.9,0.0,0.6277,0.0,harness_hendrycksTest_professional_accounting_5
open-llm-leaderboard/details_TomGrc__FusionNet_passthrough_v0.1,1,0.1106,0.0,0.6,0.0,0.4894,0.0,harness_hendrycksTest_professional_accounting_5
open-llm-leaderboard/details_decapoda-research__Antares-11b-v1,1,0.0787,0.0,0.6,0.0,0.5213,0.0,harness_hendrycksTest_professional_accounting_5
open-llm-leaderboard/details_cognitivecomputations__dolphin-2.2-yi-34b-200k,1,0.1277,0.0,0.5,0.0,0.3723,0.0,harness_hendrycksTest_professional_accounting_5
open-llm-leaderboard/details_NousResearch__Nous-Hermes-2-Yi-34B,1,0.1511,0.0,0.8,0.0,0.6489,0.0,harness_hendrycksTest_professional_accounting_5
open-llm-leaderboard/details_liuda1__dm7b_sft_gpt88w_merge,1,0.2071,0.0,0.7,0.0,0.4929,0.0,harness_hendrycksTest_professional_accounting_5
open-llm-leaderboard/details_Yhyu13__LMCocktail-Mistral-7B-v1,1,0.2355,0.0,0.7,0.0,0.4645,0.0,harness_hendrycksTest_professional_accounting_5
open-llm-leaderboard/details_abdulrahman-nuzha__finetuned-Mistral-5000-v1.0,1,0.0248,0.0,0.5,0.0,0.4752,0.0,harness_hendrycksTest_professional_accounting_5
open-llm-leaderboard/details_zyh3826__GML-Mistral-merged-v1,1,0.0177,0.0,0.5,0.0,0.4823,0.0,harness_hendrycksTest_professional_accounting_5
open-llm-leaderboard/details_Weyaxi__SauerkrautLM-UNA-SOLAR-Instruct,1,0.0965,0.0,0.6,0.0,0.5035,0.0,harness_hendrycksTest_professional_accounting_5
open-llm-leaderboard/details_Zangs3011__mistral_7b_DolphinCoder,1,0.1851,0.0,0.6,0.0,0.4149,0.0,harness_hendrycksTest_professional_accounting_5
open-llm-leaderboard/details_xDAN-AI__xDAN-L1Mix-DeepThinking-v2,1,0.1496,0.0,0.6,0.0,0.4504,0.0,harness_hendrycksTest_professional_accounting_5
open-llm-leaderboard/details_upaya07__Birbal-7B-V1,1,0.0177,0.0,0.5,0.0,0.4823,0.0,harness_hendrycksTest_professional_accounting_5
open-llm-leaderboard/details_cookinai__BruinHermes,1,0.0071,0.0,0.5,0.0,0.4929,0.0,harness_hendrycksTest_professional_accounting_5
open-llm-leaderboard/details_martyn__llama2-megamerge-dare-13b-v2,1,0.2206,0.0,0.6,0.0,0.3794,0.0,harness_hendrycksTest_professional_accounting_5
open-llm-leaderboard/details_Mihaiii__Metis-0.1,1,0.3461,0.0,0.8,0.0,0.4539,0.0,harness_hendrycksTest_professional_accounting_5
open-llm-leaderboard/details_Undi95__Mixtral-8x7B-MoE-RP-Story,1,0.1312,0.0,0.5,0.0,0.3688,0.0,harness_hendrycksTest_professional_accounting_5
open-llm-leaderboard/details_perlthoughts__Starling-LM-alpha-8x7B-MoE,1,0.1319,0.0,0.6,0.0,0.4681,0.0,harness_hendrycksTest_professional_accounting_5
open-llm-leaderboard/details_perlthoughts__Chupacabra-8x7B-MoE,1,0.1142,0.0,0.6,0.0,0.4858,0.0,harness_hendrycksTest_professional_accounting_5
open-llm-leaderboard/details_kyujinpy__PlatYi-34B-200K-Q,1,0.1936,0.0,0.8,0.0,0.6064,0.0,harness_hendrycksTest_professional_accounting_5
open-llm-leaderboard/details_jondurbin__spicyboros-70b-2.2,1,0.1184,0.0,0.7,0.0,0.5816,0.0,harness_hendrycksTest_professional_accounting_5
open-llm-leaderboard/details_perlthoughts__Falkor-7b,1,0.039,0.0,0.5,0.0,0.461,0.0,harness_hendrycksTest_professional_accounting_5
open-llm-leaderboard/details_Locutusque__Orca-2-13B-no_robots,1,0.2532,0.0,0.7,0.0,0.4468,0.0,harness_hendrycksTest_professional_accounting_5
open-llm-leaderboard/details_haoranxu__ALMA-13B,1,0.3993,0.0,0.8,0.0,0.4007,0.0,harness_hendrycksTest_professional_accounting_5
open-llm-leaderboard/details_TokenBender__pic_7B_mistral_Full_v0.1,1,0.0567,0.0,0.5,0.0,0.4433,0.0,harness_hendrycksTest_professional_accounting_5
open-llm-leaderboard/details_kyujinpy__PlatYi-34B-Llama,1,0.0298,0.0,0.7,0.0,0.6702,0.0,harness_hendrycksTest_professional_accounting_5
open-llm-leaderboard/details_Weyaxi__Platypus-Nebula-v2-7B,1,0.0291,0.0,0.4,0.0,0.4291,0.0,harness_hendrycksTest_professional_accounting_5
open-llm-leaderboard/details_922-CA__monika-ddlc-7b-v1,1,0.1723,0.0,0.2,0.0,0.3723,0.0,harness_hendrycksTest_professional_accounting_5
open-llm-leaderboard/details_bofenghuang__vigostral-7b-chat,1,0.2142,0.0,0.7,0.0,0.4858,0.0,harness_hendrycksTest_professional_accounting_5
open-llm-leaderboard/details_Secbone__llama-2-13B-instructed,1,0.2248,0.0,0.7,0.0,0.4752,0.0,harness_hendrycksTest_professional_accounting_5
open-llm-leaderboard/details_Sao10K__Euryale-L2-70B,1,0.0468,0.0,0.6,0.0,0.5532,0.0,harness_hendrycksTest_professional_accounting_5
open-llm-leaderboard/details_chargoddard__storytime-13b,1,0.0255,0.0,0.4,0.0,0.4255,0.0,harness_hendrycksTest_professional_accounting_5
open-llm-leaderboard/details_SkunkworksAI__Mistralic-7B-1,1,0.1709,0.0,0.6,0.0,0.4291,0.0,harness_hendrycksTest_professional_accounting_5
open-llm-leaderboard/details_DopeorNope__LaOT,1,0.2206,0.0,0.6,0.0,0.3794,0.0,harness_hendrycksTest_professional_accounting_5
open-llm-leaderboard/details_CHIH-HUNG__llama-2-13b-FINETUNE3_3.3w-r8-gate_up_down,1,0.1567,0.0,0.6,0.0,0.4433,0.0,harness_hendrycksTest_professional_accounting_5
open-llm-leaderboard/details_PygmalionAI__pygmalion-2-7b,1,0.1099,0.0,0.5,0.0,0.3901,0.0,harness_hendrycksTest_professional_accounting_5
open-llm-leaderboard/details_KnutJaegersberg__deacon-13b,1,0.2887,0.0,0.7,0.0,0.4113,0.0,harness_hendrycksTest_professional_accounting_5
open-llm-leaderboard/details_Sao10K__Zephyrus-L1-33B,1,0.0362,0.0,0.4,0.0,0.4362,0.0,harness_hendrycksTest_professional_accounting_5
open-llm-leaderboard/details_beaugogh__Llama2-7b-openorca-mc-v2-dpo,1,0.0064,0.0,0.4,0.0,0.3936,0.0,harness_hendrycksTest_professional_accounting_5
open-llm-leaderboard/details_Sao10K__BrainDerp2,1,0.0319,0.0,0.5,0.0,0.4681,0.0,harness_hendrycksTest_professional_accounting_5
open-llm-leaderboard/details_camel-ai__CAMEL-13B-Role-Playing-Data,1,0.0227,0.0,0.3,0.0,0.3227,0.0,harness_hendrycksTest_professional_accounting_5
open-llm-leaderboard/details_akjindal53244__Mistral-7B-v0.1-Open-Platypus,1,0.2142,0.0,0.7,0.0,0.4858,0.0,harness_hendrycksTest_professional_accounting_5
open-llm-leaderboard/details_totally-not-an-llm__EverythingLM-13b-V3-peft,1,0.1957,0.0,0.6,0.0,0.4043,0.0,harness_hendrycksTest_professional_accounting_5
open-llm-leaderboard/details_YeungNLP__firefly-llama2-7b-pretrain,1,0.2738,0.0,0.6,0.0,0.3262,0.0,harness_hendrycksTest_professional_accounting_5
open-llm-leaderboard/details_Charlie911__vicuna-7b-v1.5-lora-mctaco-modified1,1,0.1454,0.0,0.5,0.0,0.3546,0.0,harness_hendrycksTest_professional_accounting_5
open-llm-leaderboard/details_TheBloke__Wizard-Vicuna-13B-Uncensored-HF,1,0.0383,0.0,0.4,0.0,0.3617,0.0,harness_hendrycksTest_professional_accounting_5
open-llm-leaderboard/details_dhmeltzer__Llama-2-13b-hf-ds_wiki_1024_full_r_64_alpha_16_merged,1,0.1887,0.0,0.6,0.0,0.4113,0.0,harness_hendrycksTest_professional_accounting_5
open-llm-leaderboard/details_dotvignesh__perry-7b,1,0.0369,0.0,0.3,0.0,0.3369,0.0,harness_hendrycksTest_professional_accounting_5
open-llm-leaderboard/details_hyunseoki__ko-ref-llama2-13b,1,0.3199,0.0,0.6,0.0,0.2801,0.0,harness_hendrycksTest_professional_accounting_5
open-llm-leaderboard/details_yeontaek__WizardCoder-Python-13B-LoRa,1,0.0369,0.0,0.3,0.0,0.3369,0.0,harness_hendrycksTest_professional_accounting_5
open-llm-leaderboard/details_ehartford__WizardLM-1.0-Uncensored-CodeLlama-34b,1,0.2312,0.0,0.6,0.0,0.3688,0.0,harness_hendrycksTest_professional_accounting_5
open-llm-leaderboard/details_TFLai__Airboros2.1-Platypus2-13B-QLora-0.80-epoch,1,0.2745,0.0,0.7,0.0,0.4255,0.0,harness_hendrycksTest_professional_accounting_5
open-llm-leaderboard/details_TheBloke__tulu-7B-fp16,1,0.156,0.0,0.5,0.0,0.344,0.0,harness_hendrycksTest_professional_accounting_5
open-llm-leaderboard/details_heegyu__LIMA-13b-hf,1,0.0383,0.0,0.4,0.0,0.3617,0.0,harness_hendrycksTest_professional_accounting_5
open-llm-leaderboard/details_jondurbin__airoboros-7b-gpt4-1.1,1,0.0227,0.0,0.3,0.0,0.3227,0.0,harness_hendrycksTest_professional_accounting_5
open-llm-leaderboard/details_NousResearch__CodeLlama-34b-hf,1,0.1199,0.0,0.4,0.0,0.2801,0.0,harness_hendrycksTest_professional_accounting_5
open-llm-leaderboard/details_CHIH-HUNG__llama-2-13b-huangyt_Fintune_1_17w-q_k_v_o_proj,1,0.1922,0.0,0.6,0.0,0.4078,0.0,harness_hendrycksTest_professional_accounting_5
open-llm-leaderboard/details_chargoddard__llama2-22b-blocktriangular,1,0.2135,0.0,0.6,0.0,0.3865,0.0,harness_hendrycksTest_professional_accounting_5
open-llm-leaderboard/details_huggingface__llama-30b,1,0.2638,0.0,0.7,0.0,0.4362,0.0,harness_hendrycksTest_professional_accounting_5
open-llm-leaderboard/details_openlm-research__open_llama_7b,1,0.034,0.0,0.3,0.0,0.266,0.0,harness_hendrycksTest_professional_accounting_5
open-llm-leaderboard/details_bofenghuang__vigogne-7b-instruct,1,0.0014,0.0,0.3,0.0,0.3014,0.0,harness_hendrycksTest_professional_accounting_5
open-llm-leaderboard/details_davzoku__cria-llama2-7b-v1.3,1,0.0277,0.0,0.4,0.0,0.3723,0.0,harness_hendrycksTest_professional_accounting_5
open-llm-leaderboard/details_xzuyn__Alpacino-SuperCOT-13B,1,0.156,0.0,0.5,0.0,0.344,0.0,harness_hendrycksTest_professional_accounting_5
open-llm-leaderboard/details_jarradh__llama2_70b_chat_uncensored,1,0.1681,0.0,0.7,0.0,0.5319,0.0,harness_hendrycksTest_professional_accounting_5
open-llm-leaderboard/details_mosaicml__mpt-30b-chat,1,0.117,0.0,0.5,0.0,0.383,0.0,harness_hendrycksTest_professional_accounting_5
open-llm-leaderboard/details_Aspik101__StableBeluga-13B-instruct-PL-lora_unload,1,0.178,0.0,0.6,0.0,0.422,0.0,harness_hendrycksTest_professional_accounting_5
open-llm-leaderboard/details_wahaha1987__llama_13b_sharegpt94k_fastchat,1,0.0794,0.0,0.3,0.0,0.3794,0.0,harness_hendrycksTest_professional_accounting_5
open-llm-leaderboard/details_digitous__Javalion-R,1,0.1837,0.0,0.1,0.0,0.2837,0.0,harness_hendrycksTest_professional_accounting_5
open-llm-leaderboard/details_Austism__chronos-hermes-13b-v2,1,0.1851,0.0,0.6,0.0,0.4149,0.0,harness_hendrycksTest_professional_accounting_5
open-llm-leaderboard/details_camel-ai__CAMEL-13B-Combined-Data,1,0.0298,0.0,0.3,0.0,0.3298,0.0,harness_hendrycksTest_professional_accounting_5
open-llm-leaderboard/details_elinas__chronos-13b-v2,1,0.0993,0.0,0.5,0.0,0.4007,0.0,harness_hendrycksTest_professional_accounting_5
open-llm-leaderboard/details_IGeniusDev__llama13B-quant8-testv1-openorca-customdataset,1,0.1206,0.0,0.5,0.0,0.3794,0.0,harness_hendrycksTest_professional_accounting_5
open-llm-leaderboard/details_openbmb__UltraLM-65b,1,0.3035,0.0,0.8,0.0,0.4965,0.0,harness_hendrycksTest_professional_accounting_5
open-llm-leaderboard/details_shareAI__CodeLLaMA-chat-13b-Chinese,1,0.1766,0.0,0.1,0.0,0.2766,0.0,harness_hendrycksTest_professional_accounting_5
open-llm-leaderboard/details_Sao10K__Stheno-L2-13B,1,0.1816,0.0,0.6,0.0,0.4184,0.0,harness_hendrycksTest_professional_accounting_5
open-llm-leaderboard/details_TheBloke__OpenOrca-Platypus2-13B-GPTQ,1,0.0461,0.0,0.5,0.0,0.4539,0.0,harness_hendrycksTest_professional_accounting_5
open-llm-leaderboard/details_bongchoi__test-llama2-7b,1,0.1383,0.0,0.5,0.0,0.3617,0.0,harness_hendrycksTest_professional_accounting_5
open-llm-leaderboard/details_Q-bert__MetaMath-Cybertron-Starling,1,0.0,0.0,0.7,0.0,0.7,0.0,harness_hendrycksTest_high_school_computer_science_5
open-llm-leaderboard/details_abacusai__Fewshot-Metamath-OrcaVicuna-Mistral,1,0.01,0.0,0.6,0.0,0.61,0.0,harness_hendrycksTest_high_school_computer_science_5
open-llm-leaderboard/details_rameshm__llama-2-13b-mathgpt-v4,1,0.1,0.0,0.3,0.0,0.4,0.0,harness_hendrycksTest_high_school_computer_science_5
open-llm-leaderboard/details_qblocks__mistral_7b_DolphinCoder,1,0.16,0.0,0.8,0.0,0.64,0.0,harness_hendrycksTest_high_school_computer_science_5
open-llm-leaderboard/details_rombodawg__LosslessMegaCoder-llama2-13b-mini,1,0.02,0.0,0.5,0.0,0.52,0.0,harness_hendrycksTest_high_school_computer_science_5
open-llm-leaderboard/details_mrm8488__llama-2-coder-7b,1,0.19,0.0,0.6,0.0,0.41,0.0,harness_hendrycksTest_high_school_computer_science_5
open-llm-leaderboard/details_jondurbin__airocoder-34b-2.1,1,0.04,0.0,0.6,0.0,0.64,0.0,harness_hendrycksTest_high_school_computer_science_5
open-llm-leaderboard/details_WizardLM__WizardCoder-15B-V1.0,1,0.02,0.0,0.4,0.0,0.38,0.0,harness_hendrycksTest_high_school_computer_science_5
open-llm-leaderboard/details_ceadar-ie__FinanceConnect-13B,1,0.08,0.0,0.5,0.0,0.58,0.0,harness_hendrycksTest_high_school_computer_science_5
open-llm-leaderboard/details_Harshvir__Llama-2-7B-physics,1,0.18,0.0,0.3,0.0,0.48,0.0,harness_hendrycksTest_high_school_computer_science_5
open-llm-leaderboard/details_zhengr__MixTAO-7Bx2-MoE-DPO,1,0.1,0.0,0.8,0.0,0.7,0.0,harness_hendrycksTest_high_school_computer_science_5
open-llm-leaderboard/details_alignment-handbook__zephyr-7b-sft-full,1,0.08,0.0,0.7,0.0,0.62,0.0,harness_hendrycksTest_high_school_computer_science_5
open-llm-leaderboard/details_rombodawg__Leaderboard-killer-MoE_4x7b,1,0.02,0.0,0.7,0.0,0.68,0.0,harness_hendrycksTest_high_school_computer_science_5
open-llm-leaderboard/details_moreh__MoMo-70B-lora-1.8.6-DPO,1,0.13,0.0,0.7,0.0,0.83,0.0,harness_hendrycksTest_high_school_computer_science_5
open-llm-leaderboard/details_nfaheem__Marcoroni-7b-DPO-Merge,1,0.11,0.0,0.8,0.0,0.69,0.0,harness_hendrycksTest_high_school_computer_science_5
open-llm-leaderboard/details_AA051611__limb,1,0.02,0.0,0.8,0.0,0.78,0.0,harness_hendrycksTest_high_school_computer_science_5
open-llm-leaderboard/details_Locutusque__Rhino-Mistral-7B,1,0.03,0.0,0.4,0.0,0.43,0.0,harness_hendrycksTest_high_school_computer_science_5
open-llm-leaderboard/details_flemmingmiguel__NeuDist-Ro-7B,1,0.0,0.0,0.7,0.0,0.7,0.0,harness_hendrycksTest_high_school_computer_science_5
open-llm-leaderboard/details_KnutJaegersberg__Qwen-14B-Llamafied,1,0.06,0.0,0.7,0.0,0.76,0.0,harness_hendrycksTest_high_school_computer_science_5
open-llm-leaderboard/details_Unbabel__TowerInstruct-7B-v0.1,1,0.19,0.0,0.6,0.0,0.41,0.0,harness_hendrycksTest_high_school_computer_science_5
open-llm-leaderboard/details_charlesdedampierre__TopicNeuralHermes-2.5-Mistral-7B,1,0.08,0.0,0.6,0.0,0.68,0.0,harness_hendrycksTest_high_school_computer_science_5
open-llm-leaderboard/details_Pierre-obi__Mistral_solar-slerp,1,0.11,0.0,0.3,0.0,0.41,0.0,harness_hendrycksTest_high_school_computer_science_5
open-llm-leaderboard/details_rishiraj__oswald-7b,1,0.01,0.0,0.7,0.0,0.71,0.0,harness_hendrycksTest_high_school_computer_science_5
open-llm-leaderboard/details_CultriX__MistralTrixTest,1,0.05,0.0,0.8,0.0,0.75,0.0,harness_hendrycksTest_high_school_computer_science_5
open-llm-leaderboard/details_Delcos__Velara-11B-V2,1,0.02,0.0,0.7,0.0,0.72,0.0,harness_hendrycksTest_high_school_computer_science_5
open-llm-leaderboard/details_cognitivecomputations__yayi2-30b-llama,1,0.04,0.0,0.8,0.0,0.76,0.0,harness_hendrycksTest_high_school_computer_science_5
open-llm-leaderboard/details_Neuronovo__neuronovo-7B-v0.1,1,0.05,0.0,0.6,0.0,0.65,0.0,harness_hendrycksTest_high_school_computer_science_5
open-llm-leaderboard/details_shadowml__Daredevil-7B,1,0.01,0.0,0.7,0.0,0.71,0.0,harness_hendrycksTest_high_school_computer_science_5
open-llm-leaderboard/details_UCLA-AGI__test,1,0.05,0.0,0.7,0.0,0.65,0.0,harness_hendrycksTest_high_school_computer_science_5
open-llm-leaderboard/details_OpenBuddy__openbuddy-mixtral-7bx8-v16.3-32k,1,0.07,0.0,0.8,0.0,0.73,0.0,harness_hendrycksTest_high_school_computer_science_5
open-llm-leaderboard/details_jondurbin__bagel-dpo-34b-v0.2,1,0.1,0.0,0.7,0.0,0.8,0.0,harness_hendrycksTest_high_school_computer_science_5
open-llm-leaderboard/details_TomGrc__FusionNet_passthrough_v0.1,1,0.08,0.0,0.6,0.0,0.68,0.0,harness_hendrycksTest_high_school_computer_science_5
open-llm-leaderboard/details_decapoda-research__Antares-11b-v1,1,0.01,0.0,0.7,0.0,0.69,0.0,harness_hendrycksTest_high_school_computer_science_5
open-llm-leaderboard/details_cognitivecomputations__dolphin-2.2-yi-34b-200k,1,0.15,0.0,0.7,0.0,0.55,0.0,harness_hendrycksTest_high_school_computer_science_5
open-llm-leaderboard/details_NousResearch__Nous-Hermes-2-Yi-34B,1,0.04,0.0,0.8,0.0,0.84,0.0,harness_hendrycksTest_high_school_computer_science_5
open-llm-leaderboard/details_liuda1__dm7b_sft_gpt88w_merge,1,0.02,0.0,0.7,0.0,0.68,0.0,harness_hendrycksTest_high_school_computer_science_5
open-llm-leaderboard/details_Yhyu13__LMCocktail-Mistral-7B-v1,1,0.02,0.0,0.6,0.0,0.62,0.0,harness_hendrycksTest_high_school_computer_science_5
open-llm-leaderboard/details_abdulrahman-nuzha__finetuned-Mistral-5000-v1.0,1,0.02,0.0,0.6,0.0,0.62,0.0,harness_hendrycksTest_high_school_computer_science_5
open-llm-leaderboard/details_zyh3826__GML-Mistral-merged-v1,1,0.02,0.0,0.7,0.0,0.72,0.0,harness_hendrycksTest_high_school_computer_science_5
open-llm-leaderboard/details_Weyaxi__SauerkrautLM-UNA-SOLAR-Instruct,1,0.12,0.0,0.6,0.0,0.72,0.0,harness_hendrycksTest_high_school_computer_science_5
open-llm-leaderboard/details_Zangs3011__mistral_7b_DolphinCoder,1,0.16,0.0,0.8,0.0,0.64,0.0,harness_hendrycksTest_high_school_computer_science_5
open-llm-leaderboard/details_xDAN-AI__xDAN-L1Mix-DeepThinking-v2,1,0.15,0.0,0.8,0.0,0.65,0.0,harness_hendrycksTest_high_school_computer_science_5
open-llm-leaderboard/details_upaya07__Birbal-7B-V1,1,0.09,0.0,0.8,0.0,0.71,0.0,harness_hendrycksTest_high_school_computer_science_5
open-llm-leaderboard/details_cookinai__BruinHermes,1,0.03,0.0,0.7,0.0,0.73,0.0,harness_hendrycksTest_high_school_computer_science_5
open-llm-leaderboard/details_martyn__llama2-megamerge-dare-13b-v2,1,0.21,0.0,0.4,0.0,0.61,0.0,harness_hendrycksTest_high_school_computer_science_5
open-llm-leaderboard/details_Mihaiii__Metis-0.1,1,0.02,0.0,0.7,0.0,0.68,0.0,harness_hendrycksTest_high_school_computer_science_5
open-llm-leaderboard/details_Undi95__Mixtral-8x7B-MoE-RP-Story,1,0.1,0.0,0.6,0.0,0.5,0.0,harness_hendrycksTest_high_school_computer_science_5
open-llm-leaderboard/details_perlthoughts__Starling-LM-alpha-8x7B-MoE,1,0.1,0.0,0.6,0.0,0.7,0.0,harness_hendrycksTest_high_school_computer_science_5
open-llm-leaderboard/details_perlthoughts__Chupacabra-8x7B-MoE,1,0.06,0.0,0.8,0.0,0.74,0.0,harness_hendrycksTest_high_school_computer_science_5
open-llm-leaderboard/details_kyujinpy__PlatYi-34B-200K-Q,1,0.14,0.0,0.7,0.0,0.84,0.0,harness_hendrycksTest_high_school_computer_science_5
open-llm-leaderboard/details_jondurbin__spicyboros-70b-2.2,1,0.01,0.0,0.8,0.0,0.79,0.0,harness_hendrycksTest_high_school_computer_science_5
open-llm-leaderboard/details_perlthoughts__Falkor-7b,1,0.01,0.0,0.7,0.0,0.69,0.0,harness_hendrycksTest_high_school_computer_science_5
open-llm-leaderboard/details_Locutusque__Orca-2-13B-no_robots,1,0.04,0.0,0.6,0.0,0.64,0.0,harness_hendrycksTest_high_school_computer_science_5
open-llm-leaderboard/details_haoranxu__ALMA-13B,1,0.06,0.0,0.4,0.0,0.46,0.0,harness_hendrycksTest_high_school_computer_science_5
open-llm-leaderboard/details_TokenBender__pic_7B_mistral_Full_v0.1,1,0.14,0.0,0.8,0.0,0.66,0.0,harness_hendrycksTest_high_school_computer_science_5
open-llm-leaderboard/details_kyujinpy__PlatYi-34B-Llama,1,0.15,0.0,0.7,0.0,0.85,0.0,harness_hendrycksTest_high_school_computer_science_5
open-llm-leaderboard/details_Weyaxi__Platypus-Nebula-v2-7B,1,0.08,0.0,0.5,0.0,0.58,0.0,harness_hendrycksTest_high_school_computer_science_5
open-llm-leaderboard/details_922-CA__monika-ddlc-7b-v1,1,0.15,0.0,0.3,0.0,0.45,0.0,harness_hendrycksTest_high_school_computer_science_5
open-llm-leaderboard/details_bofenghuang__vigostral-7b-chat,1,0.1,0.0,0.8,0.0,0.7,0.0,harness_hendrycksTest_high_school_computer_science_5
open-llm-leaderboard/details_Secbone__llama-2-13B-instructed,1,0.22,0.0,0.3,0.0,0.52,0.0,harness_hendrycksTest_high_school_computer_science_5
open-llm-leaderboard/details_Sao10K__Euryale-L2-70B,1,0.16,0.0,0.9,0.0,0.74,0.0,harness_hendrycksTest_high_school_computer_science_5
open-llm-leaderboard/details_chargoddard__storytime-13b,1,0.02,0.0,0.6,0.0,0.58,0.0,harness_hendrycksTest_high_school_computer_science_5
open-llm-leaderboard/details_SkunkworksAI__Mistralic-7B-1,1,0.09,0.0,0.6,0.0,0.69,0.0,harness_hendrycksTest_high_school_computer_science_5
open-llm-leaderboard/details_DopeorNope__LaOT,1,0.02,0.0,0.4,0.0,0.38,0.0,harness_hendrycksTest_high_school_computer_science_5
open-llm-leaderboard/details_CHIH-HUNG__llama-2-13b-FINETUNE3_3.3w-r8-gate_up_down,1,0.04,0.0,0.5,0.0,0.54,0.0,harness_hendrycksTest_high_school_computer_science_5
open-llm-leaderboard/details_PygmalionAI__pygmalion-2-7b,1,0.24,0.0,0.7,0.0,0.46,0.0,harness_hendrycksTest_high_school_computer_science_5
open-llm-leaderboard/details_KnutJaegersberg__deacon-13b,1,0.13,0.0,0.7,0.0,0.57,0.0,harness_hendrycksTest_high_school_computer_science_5
open-llm-leaderboard/details_Sao10K__Zephyrus-L1-33B,1,0.08,0.0,0.7,0.0,0.62,0.0,harness_hendrycksTest_high_school_computer_science_5
open-llm-leaderboard/details_beaugogh__Llama2-7b-openorca-mc-v2-dpo,1,0.02,0.0,0.4,0.0,0.38,0.0,harness_hendrycksTest_high_school_computer_science_5
open-llm-leaderboard/details_Sao10K__BrainDerp2,1,0.05,0.0,0.6,0.0,0.55,0.0,harness_hendrycksTest_high_school_computer_science_5
open-llm-leaderboard/details_camel-ai__CAMEL-13B-Role-Playing-Data,1,0.2,0.0,0.7,0.0,0.5,0.0,harness_hendrycksTest_high_school_computer_science_5
open-llm-leaderboard/details_akjindal53244__Mistral-7B-v0.1-Open-Platypus,1,0.09,0.0,0.6,0.0,0.69,0.0,harness_hendrycksTest_high_school_computer_science_5
open-llm-leaderboard/details_totally-not-an-llm__EverythingLM-13b-V3-peft,1,0.04,0.0,0.5,0.0,0.54,0.0,harness_hendrycksTest_high_school_computer_science_5
open-llm-leaderboard/details_YeungNLP__firefly-llama2-7b-pretrain,1,0.1,0.0,0.3,0.0,0.4,0.0,harness_hendrycksTest_high_school_computer_science_5
open-llm-leaderboard/details_Charlie911__vicuna-7b-v1.5-lora-mctaco-modified1,1,0.21,0.0,0.6,0.0,0.39,0.0,harness_hendrycksTest_high_school_computer_science_5
open-llm-leaderboard/details_TheBloke__Wizard-Vicuna-13B-Uncensored-HF,1,0.08,0.0,0.6,0.0,0.52,0.0,harness_hendrycksTest_high_school_computer_science_5
open-llm-leaderboard/details_dhmeltzer__Llama-2-13b-hf-ds_wiki_1024_full_r_64_alpha_16_merged,1,0.06,0.0,0.5,0.0,0.56,0.0,harness_hendrycksTest_high_school_computer_science_5
open-llm-leaderboard/details_dotvignesh__perry-7b,1,0.05,0.0,0.4,0.0,0.45,0.0,harness_hendrycksTest_high_school_computer_science_5
open-llm-leaderboard/details_hyunseoki__ko-ref-llama2-13b,1,0.17,0.0,0.2,0.0,0.37,0.0,harness_hendrycksTest_high_school_computer_science_5
open-llm-leaderboard/details_yeontaek__WizardCoder-Python-13B-LoRa,1,0.07,0.0,0.4,0.0,0.47,0.0,harness_hendrycksTest_high_school_computer_science_5
open-llm-leaderboard/details_ehartford__WizardLM-1.0-Uncensored-CodeLlama-34b,1,0.13,0.0,0.6,0.0,0.73,0.0,harness_hendrycksTest_high_school_computer_science_5
open-llm-leaderboard/details_TFLai__Airboros2.1-Platypus2-13B-QLora-0.80-epoch,1,0.04,0.0,0.5,0.0,0.54,0.0,harness_hendrycksTest_high_school_computer_science_5
open-llm-leaderboard/details_TheBloke__tulu-7B-fp16,1,0.25,0.0,0.7,0.0,0.45,0.0,harness_hendrycksTest_high_school_computer_science_5
open-llm-leaderboard/details_heegyu__LIMA-13b-hf,1,0.01,0.0,0.5,0.0,0.51,0.0,harness_hendrycksTest_high_school_computer_science_5
open-llm-leaderboard/details_jondurbin__airoboros-7b-gpt4-1.1,1,0.07,0.0,0.4,0.0,0.33,0.0,harness_hendrycksTest_high_school_computer_science_5
open-llm-leaderboard/details_NousResearch__CodeLlama-34b-hf,1,0.24,0.0,0.2,0.0,0.44,0.0,harness_hendrycksTest_high_school_computer_science_5
open-llm-leaderboard/details_CHIH-HUNG__llama-2-13b-huangyt_Fintune_1_17w-q_k_v_o_proj,1,0.06,0.0,0.5,0.0,0.56,0.0,harness_hendrycksTest_high_school_computer_science_5
open-llm-leaderboard/details_chargoddard__llama2-22b-blocktriangular,1,0.07,0.0,0.5,0.0,0.57,0.0,harness_hendrycksTest_high_school_computer_science_5
open-llm-leaderboard/details_huggingface__llama-30b,1,0.0,0.0,0.6,0.0,0.6,0.0,harness_hendrycksTest_high_school_computer_science_5
open-llm-leaderboard/details_openlm-research__open_llama_7b,1,0.22,0.0,0.5,0.0,0.28,0.0,harness_hendrycksTest_high_school_computer_science_5
open-llm-leaderboard/details_bofenghuang__vigogne-7b-instruct,1,0.06,0.0,0.4,0.0,0.34,0.0,harness_hendrycksTest_high_school_computer_science_5
open-llm-leaderboard/details_davzoku__cria-llama2-7b-v1.3,1,0.21,0.0,0.2,0.0,0.41,0.0,harness_hendrycksTest_high_school_computer_science_5
open-llm-leaderboard/details_xzuyn__Alpacino-SuperCOT-13B,1,0.18,0.0,0.7,0.0,0.52,0.0,harness_hendrycksTest_high_school_computer_science_5
open-llm-leaderboard/details_jarradh__llama2_70b_chat_uncensored,1,0.03,0.0,0.7,0.0,0.73,0.0,harness_hendrycksTest_high_school_computer_science_5
open-llm-leaderboard/details_mosaicml__mpt-30b-chat,1,0.09,0.0,0.6,0.0,0.51,0.0,harness_hendrycksTest_high_school_computer_science_5
open-llm-leaderboard/details_Aspik101__StableBeluga-13B-instruct-PL-lora_unload,1,0.02,0.0,0.6,0.0,0.58,0.0,harness_hendrycksTest_high_school_computer_science_5
open-llm-leaderboard/details_wahaha1987__llama_13b_sharegpt94k_fastchat,1,0.27,0.0,0.8,0.0,0.53,0.0,harness_hendrycksTest_high_school_computer_science_5
open-llm-leaderboard/details_digitous__Javalion-R,1,0.04,0.0,0.2,0.0,0.24,0.0,harness_hendrycksTest_high_school_computer_science_5
open-llm-leaderboard/details_Austism__chronos-hermes-13b-v2,1,0.17,0.0,0.7,0.0,0.53,0.0,harness_hendrycksTest_high_school_computer_science_5
open-llm-leaderboard/details_camel-ai__CAMEL-13B-Combined-Data,1,0.08,0.0,0.6,0.0,0.52,0.0,harness_hendrycksTest_high_school_computer_science_5
open-llm-leaderboard/details_elinas__chronos-13b-v2,1,0.19,0.0,0.7,0.0,0.51,0.0,harness_hendrycksTest_high_school_computer_science_5
open-llm-leaderboard/details_IGeniusDev__llama13B-quant8-testv1-openorca-customdataset,1,0.11,0.0,0.6,0.0,0.49,0.0,harness_hendrycksTest_high_school_computer_science_5
open-llm-leaderboard/details_openbmb__UltraLM-65b,1,0.03,0.0,0.7,0.0,0.67,0.0,harness_hendrycksTest_high_school_computer_science_5
open-llm-leaderboard/details_shareAI__CodeLLaMA-chat-13b-Chinese,1,0.03,0.0,0.2,0.0,0.23,0.0,harness_hendrycksTest_high_school_computer_science_5
open-llm-leaderboard/details_Sao10K__Stheno-L2-13B,1,0.01,0.0,0.6,0.0,0.59,0.0,harness_hendrycksTest_high_school_computer_science_5
open-llm-leaderboard/details_TheBloke__OpenOrca-Platypus2-13B-GPTQ,1,0.06,0.0,0.7,0.0,0.64,0.0,harness_hendrycksTest_high_school_computer_science_5
open-llm-leaderboard/details_bongchoi__test-llama2-7b,1,0.2,0.0,0.6,0.0,0.4,0.0,harness_hendrycksTest_high_school_computer_science_5
open-llm-leaderboard/details_Q-bert__MetaMath-Cybertron-Starling,1,0.0801,0.0,0.6,0.0,0.6801,0.0,harness_hendrycksTest_professional_medicine_5
open-llm-leaderboard/details_abacusai__Fewshot-Metamath-OrcaVicuna-Mistral,1,0.0434,0.0,0.6,0.0,0.6434,0.0,harness_hendrycksTest_professional_medicine_5
open-llm-leaderboard/details_rameshm__llama-2-13b-mathgpt-v4,1,0.2882,0.0,0.7,0.0,0.4118,0.0,harness_hendrycksTest_professional_medicine_5
open-llm-leaderboard/details_qblocks__mistral_7b_DolphinCoder,1,0.0713,0.0,0.7,0.0,0.6287,0.0,harness_hendrycksTest_professional_medicine_5
open-llm-leaderboard/details_rombodawg__LosslessMegaCoder-llama2-13b-mini,1,0.0588,0.0,0.5,0.0,0.5588,0.0,harness_hendrycksTest_professional_medicine_5
open-llm-leaderboard/details_mrm8488__llama-2-coder-7b,1,0.0221,0.0,0.5,0.0,0.5221,0.0,harness_hendrycksTest_professional_medicine_5
open-llm-leaderboard/details_jondurbin__airocoder-34b-2.1,1,0.1824,0.0,0.2,0.0,0.3824,0.0,harness_hendrycksTest_professional_medicine_5
open-llm-leaderboard/details_WizardLM__WizardCoder-15B-V1.0,1,0.0015,0.0,0.2,0.0,0.1985,0.0,harness_hendrycksTest_professional_medicine_5
open-llm-leaderboard/details_ceadar-ie__FinanceConnect-13B,1,0.0559,0.0,0.4,0.0,0.4559,0.0,harness_hendrycksTest_professional_medicine_5
open-llm-leaderboard/details_Harshvir__Llama-2-7B-physics,1,0.1037,0.0,0.4,0.0,0.5037,0.0,harness_hendrycksTest_professional_medicine_5
open-llm-leaderboard/details_zhengr__MixTAO-7Bx2-MoE-DPO,1,0.0838,0.0,0.6,0.0,0.6838,0.0,harness_hendrycksTest_professional_medicine_5
open-llm-leaderboard/details_alignment-handbook__zephyr-7b-sft-full,1,0.0809,0.0,0.5,0.0,0.5809,0.0,harness_hendrycksTest_professional_medicine_5
open-llm-leaderboard/details_rombodawg__Leaderboard-killer-MoE_4x7b,1,0.0838,0.0,0.6,0.0,0.6838,0.0,harness_hendrycksTest_professional_medicine_5
open-llm-leaderboard/details_moreh__MoMo-70B-lora-1.8.6-DPO,1,0.0309,0.0,0.8,0.0,0.8309,0.0,harness_hendrycksTest_professional_medicine_5
open-llm-leaderboard/details_nfaheem__Marcoroni-7b-DPO-Merge,1,0.1801,0.0,0.5,0.0,0.6801,0.0,harness_hendrycksTest_professional_medicine_5
open-llm-leaderboard/details_AA051611__limb,1,0.1353,0.0,0.9,0.0,0.7647,0.0,harness_hendrycksTest_professional_medicine_5
open-llm-leaderboard/details_Locutusque__Rhino-Mistral-7B,1,0.0632,0.0,0.4,0.0,0.4632,0.0,harness_hendrycksTest_professional_medicine_5
open-llm-leaderboard/details_flemmingmiguel__NeuDist-Ro-7B,1,0.1691,0.0,0.5,0.0,0.6691,0.0,harness_hendrycksTest_professional_medicine_5
open-llm-leaderboard/details_KnutJaegersberg__Qwen-14B-Llamafied,1,0.0088,0.0,0.7,0.0,0.6912,0.0,harness_hendrycksTest_professional_medicine_5
open-llm-leaderboard/details_Unbabel__TowerInstruct-7B-v0.1,1,0.211,0.0,0.3,0.0,0.511,0.0,harness_hendrycksTest_professional_medicine_5
open-llm-leaderboard/details_charlesdedampierre__TopicNeuralHermes-2.5-Mistral-7B,1,0.0346,0.0,0.7,0.0,0.6654,0.0,harness_hendrycksTest_professional_medicine_5
open-llm-leaderboard/details_Pierre-obi__Mistral_solar-slerp,1,0.1015,0.0,0.3,0.0,0.1985,0.0,harness_hendrycksTest_professional_medicine_5
open-llm-leaderboard/details_rishiraj__oswald-7b,1,0.0721,0.0,0.8,0.0,0.7279,0.0,harness_hendrycksTest_professional_medicine_5
open-llm-leaderboard/details_CultriX__MistralTrixTest,1,0.1949,0.0,0.5,0.0,0.6949,0.0,harness_hendrycksTest_professional_medicine_5
open-llm-leaderboard/details_Delcos__Velara-11B-V2,1,0.0765,0.0,0.6,0.0,0.6765,0.0,harness_hendrycksTest_professional_medicine_5
open-llm-leaderboard/details_cognitivecomputations__yayi2-30b-llama,1,0.2235,0.0,0.9,0.0,0.6765,0.0,harness_hendrycksTest_professional_medicine_5
open-llm-leaderboard/details_Neuronovo__neuronovo-7B-v0.1,1,0.0346,0.0,0.7,0.0,0.6654,0.0,harness_hendrycksTest_professional_medicine_5
open-llm-leaderboard/details_shadowml__Daredevil-7B,1,0.0912,0.0,0.6,0.0,0.6912,0.0,harness_hendrycksTest_professional_medicine_5
open-llm-leaderboard/details_UCLA-AGI__test,1,0.0801,0.0,0.6,0.0,0.6801,0.0,harness_hendrycksTest_professional_medicine_5
open-llm-leaderboard/details_OpenBuddy__openbuddy-mixtral-7bx8-v16.3-32k,1,0.1059,0.0,0.9,0.0,0.7941,0.0,harness_hendrycksTest_professional_medicine_5
open-llm-leaderboard/details_jondurbin__bagel-dpo-34b-v0.2,1,0.1691,0.0,1.0,0.0,0.8309,0.0,harness_hendrycksTest_professional_medicine_5
open-llm-leaderboard/details_TomGrc__FusionNet_passthrough_v0.1,1,0.0426,0.0,0.8,0.0,0.7574,0.0,harness_hendrycksTest_professional_medicine_5
open-llm-leaderboard/details_decapoda-research__Antares-11b-v1,1,0.0279,0.0,0.7,0.0,0.7279,0.0,harness_hendrycksTest_professional_medicine_5
open-llm-leaderboard/details_cognitivecomputations__dolphin-2.2-yi-34b-200k,1,0.0368,0.0,0.5,0.0,0.5368,0.0,harness_hendrycksTest_professional_medicine_5
open-llm-leaderboard/details_NousResearch__Nous-Hermes-2-Yi-34B,1,0.0691,0.0,0.9,0.0,0.8309,0.0,harness_hendrycksTest_professional_medicine_5
open-llm-leaderboard/details_liuda1__dm7b_sft_gpt88w_merge,1,0.2103,0.0,0.4,0.0,0.6103,0.0,harness_hendrycksTest_professional_medicine_5
open-llm-leaderboard/details_Yhyu13__LMCocktail-Mistral-7B-v1,1,0.0176,0.0,0.6,0.0,0.6176,0.0,harness_hendrycksTest_professional_medicine_5
open-llm-leaderboard/details_abdulrahman-nuzha__finetuned-Mistral-5000-v1.0,1,0.1434,0.0,0.5,0.0,0.6434,0.0,harness_hendrycksTest_professional_medicine_5
open-llm-leaderboard/details_zyh3826__GML-Mistral-merged-v1,1,0.0985,0.0,0.6,0.0,0.6985,0.0,harness_hendrycksTest_professional_medicine_5
open-llm-leaderboard/details_Weyaxi__SauerkrautLM-UNA-SOLAR-Instruct,1,0.0574,0.0,0.8,0.0,0.7426,0.0,harness_hendrycksTest_professional_medicine_5
open-llm-leaderboard/details_Zangs3011__mistral_7b_DolphinCoder,1,0.0713,0.0,0.7,0.0,0.6287,0.0,harness_hendrycksTest_professional_medicine_5
open-llm-leaderboard/details_xDAN-AI__xDAN-L1Mix-DeepThinking-v2,1,0.2103,0.0,0.4,0.0,0.6103,0.0,harness_hendrycksTest_professional_medicine_5
open-llm-leaderboard/details_upaya07__Birbal-7B-V1,1,0.0875,0.0,0.6,0.0,0.6875,0.0,harness_hendrycksTest_professional_medicine_5
open-llm-leaderboard/details_cookinai__BruinHermes,1,0.0912,0.0,0.6,0.0,0.6912,0.0,harness_hendrycksTest_professional_medicine_5
open-llm-leaderboard/details_martyn__llama2-megamerge-dare-13b-v2,1,0.2147,0.0,0.3,0.0,0.5147,0.0,harness_hendrycksTest_professional_medicine_5
open-llm-leaderboard/details_Mihaiii__Metis-0.1,1,0.2324,0.0,0.4,0.0,0.6324,0.0,harness_hendrycksTest_professional_medicine_5
open-llm-leaderboard/details_Undi95__Mixtral-8x7B-MoE-RP-Story,1,0.0441,0.0,0.5,0.0,0.4559,0.0,harness_hendrycksTest_professional_medicine_5
open-llm-leaderboard/details_perlthoughts__Starling-LM-alpha-8x7B-MoE,1,0.1912,0.0,0.5,0.0,0.6912,0.0,harness_hendrycksTest_professional_medicine_5
open-llm-leaderboard/details_perlthoughts__Chupacabra-8x7B-MoE,1,0.0728,0.0,0.6,0.0,0.6728,0.0,harness_hendrycksTest_professional_medicine_5
open-llm-leaderboard/details_kyujinpy__PlatYi-34B-200K-Q,1,0.1765,0.0,1.0,0.0,0.8235,0.0,harness_hendrycksTest_professional_medicine_5
open-llm-leaderboard/details_jondurbin__spicyboros-70b-2.2,1,0.1426,0.0,0.6,0.0,0.7426,0.0,harness_hendrycksTest_professional_medicine_5
open-llm-leaderboard/details_perlthoughts__Falkor-7b,1,0.1507,0.0,0.5,0.0,0.6507,0.0,harness_hendrycksTest_professional_medicine_5
open-llm-leaderboard/details_Locutusque__Orca-2-13B-no_robots,1,0.0809,0.0,0.5,0.0,0.5809,0.0,harness_hendrycksTest_professional_medicine_5
open-llm-leaderboard/details_haoranxu__ALMA-13B,1,0.1551,0.0,0.6,0.0,0.4449,0.0,harness_hendrycksTest_professional_medicine_5
open-llm-leaderboard/details_TokenBender__pic_7B_mistral_Full_v0.1,1,0.0618,0.0,0.6,0.0,0.6618,0.0,harness_hendrycksTest_professional_medicine_5
open-llm-leaderboard/details_kyujinpy__PlatYi-34B-Llama,1,0.1507,0.0,1.0,0.0,0.8493,0.0,harness_hendrycksTest_professional_medicine_5
open-llm-leaderboard/details_Weyaxi__Platypus-Nebula-v2-7B,1,0.0919,0.0,0.5,0.0,0.5919,0.0,harness_hendrycksTest_professional_medicine_5
open-llm-leaderboard/details_922-CA__monika-ddlc-7b-v1,1,0.1176,0.0,0.5,0.0,0.3824,0.0,harness_hendrycksTest_professional_medicine_5
open-llm-leaderboard/details_bofenghuang__vigostral-7b-chat,1,0.1654,0.0,0.5,0.0,0.6654,0.0,harness_hendrycksTest_professional_medicine_5
open-llm-leaderboard/details_Secbone__llama-2-13B-instructed,1,0.0485,0.0,0.6,0.0,0.5515,0.0,harness_hendrycksTest_professional_medicine_5
open-llm-leaderboard/details_Sao10K__Euryale-L2-70B,1,0.1169,0.0,0.6,0.0,0.7169,0.0,harness_hendrycksTest_professional_medicine_5
open-llm-leaderboard/details_chargoddard__storytime-13b,1,0.0551,0.0,0.5,0.0,0.5551,0.0,harness_hendrycksTest_professional_medicine_5
open-llm-leaderboard/details_SkunkworksAI__Mistralic-7B-1,1,0.0809,0.0,0.5,0.0,0.5809,0.0,harness_hendrycksTest_professional_medicine_5
open-llm-leaderboard/details_DopeorNope__LaOT,1,0.0816,0.0,0.4,0.0,0.4816,0.0,harness_hendrycksTest_professional_medicine_5
open-llm-leaderboard/details_CHIH-HUNG__llama-2-13b-FINETUNE3_3.3w-r8-gate_up_down,1,0.0257,0.0,0.5,0.0,0.5257,0.0,harness_hendrycksTest_professional_medicine_5
open-llm-leaderboard/details_PygmalionAI__pygmalion-2-7b,1,0.2294,0.0,0.3,0.0,0.5294,0.0,harness_hendrycksTest_professional_medicine_5
open-llm-leaderboard/details_KnutJaegersberg__deacon-13b,1,0.0257,0.0,0.5,0.0,0.5257,0.0,harness_hendrycksTest_professional_medicine_5
open-llm-leaderboard/details_Sao10K__Zephyrus-L1-33B,1,0.0735,0.0,0.5,0.0,0.5735,0.0,harness_hendrycksTest_professional_medicine_5
open-llm-leaderboard/details_beaugogh__Llama2-7b-openorca-mc-v2-dpo,1,0.0368,0.0,0.5,0.0,0.4632,0.0,harness_hendrycksTest_professional_medicine_5
open-llm-leaderboard/details_Sao10K__BrainDerp2,1,0.0412,0.0,0.6,0.0,0.5588,0.0,harness_hendrycksTest_professional_medicine_5
open-llm-leaderboard/details_camel-ai__CAMEL-13B-Role-Playing-Data,1,0.2368,0.0,0.7,0.0,0.4632,0.0,harness_hendrycksTest_professional_medicine_5
open-llm-leaderboard/details_akjindal53244__Mistral-7B-v0.1-Open-Platypus,1,0.1838,0.0,0.5,0.0,0.6838,0.0,harness_hendrycksTest_professional_medicine_5
open-llm-leaderboard/details_totally-not-an-llm__EverythingLM-13b-V3-peft,1,0.0147,0.0,0.5,0.0,0.5147,0.0,harness_hendrycksTest_professional_medicine_5
open-llm-leaderboard/details_YeungNLP__firefly-llama2-7b-pretrain,1,0.0449,0.0,0.4,0.0,0.4449,0.0,harness_hendrycksTest_professional_medicine_5
open-llm-leaderboard/details_Charlie911__vicuna-7b-v1.5-lora-mctaco-modified1,1,0.0478,0.0,0.5,0.0,0.4522,0.0,harness_hendrycksTest_professional_medicine_5
open-llm-leaderboard/details_TheBloke__Wizard-Vicuna-13B-Uncensored-HF,1,0.1074,0.0,0.6,0.0,0.4926,0.0,harness_hendrycksTest_professional_medicine_5
open-llm-leaderboard/details_dhmeltzer__Llama-2-13b-hf-ds_wiki_1024_full_r_64_alpha_16_merged,1,0.0478,0.0,0.5,0.0,0.5478,0.0,harness_hendrycksTest_professional_medicine_5
open-llm-leaderboard/details_dotvignesh__perry-7b,1,0.1228,0.0,0.3,0.0,0.4228,0.0,harness_hendrycksTest_professional_medicine_5
open-llm-leaderboard/details_hyunseoki__ko-ref-llama2-13b,1,0.1279,0.0,0.1,0.0,0.2279,0.0,harness_hendrycksTest_professional_medicine_5
open-llm-leaderboard/details_yeontaek__WizardCoder-Python-13B-LoRa,1,0.0279,0.0,0.2,0.0,0.2279,0.0,harness_hendrycksTest_professional_medicine_5
open-llm-leaderboard/details_ehartford__WizardLM-1.0-Uncensored-CodeLlama-34b,1,0.089,0.0,0.6,0.0,0.511,0.0,harness_hendrycksTest_professional_medicine_5
open-llm-leaderboard/details_TFLai__Airboros2.1-Platypus2-13B-QLora-0.80-epoch,1,0.0588,0.0,0.5,0.0,0.5588,0.0,harness_hendrycksTest_professional_medicine_5
open-llm-leaderboard/details_TheBloke__tulu-7B-fp16,1,0.0375,0.0,0.4,0.0,0.4375,0.0,harness_hendrycksTest_professional_medicine_5
open-llm-leaderboard/details_heegyu__LIMA-13b-hf,1,0.0926,0.0,0.6,0.0,0.5074,0.0,harness_hendrycksTest_professional_medicine_5
open-llm-leaderboard/details_jondurbin__airoboros-7b-gpt4-1.1,1,0.089,0.0,0.4,0.0,0.489,0.0,harness_hendrycksTest_professional_medicine_5
open-llm-leaderboard/details_NousResearch__CodeLlama-34b-hf,1,0.1625,0.0,0.6,0.0,0.4375,0.0,harness_hendrycksTest_professional_medicine_5
open-llm-leaderboard/details_CHIH-HUNG__llama-2-13b-huangyt_Fintune_1_17w-q_k_v_o_proj,1,0.0221,0.0,0.5,0.0,0.5221,0.0,harness_hendrycksTest_professional_medicine_5
open-llm-leaderboard/details_chargoddard__llama2-22b-blocktriangular,1,0.0221,0.0,0.5,0.0,0.4779,0.0,harness_hendrycksTest_professional_medicine_5
open-llm-leaderboard/details_huggingface__llama-30b,1,0.0551,0.0,0.5,0.0,0.5551,0.0,harness_hendrycksTest_professional_medicine_5
open-llm-leaderboard/details_openlm-research__open_llama_7b,1,0.4684,0.0,0.7,0.0,0.2316,0.0,harness_hendrycksTest_professional_medicine_5
open-llm-leaderboard/details_bofenghuang__vigogne-7b-instruct,1,0.2081,0.0,0.2,0.0,0.4081,0.0,harness_hendrycksTest_professional_medicine_5
open-llm-leaderboard/details_davzoku__cria-llama2-7b-v1.3,1,0.0559,0.0,0.4,0.0,0.4559,0.0,harness_hendrycksTest_professional_medicine_5
open-llm-leaderboard/details_xzuyn__Alpacino-SuperCOT-13B,1,0.1816,0.0,0.7,0.0,0.5184,0.0,harness_hendrycksTest_professional_medicine_5
open-llm-leaderboard/details_jarradh__llama2_70b_chat_uncensored,1,0.1206,0.0,0.6,0.0,0.7206,0.0,harness_hendrycksTest_professional_medicine_5
open-llm-leaderboard/details_mosaicml__mpt-30b-chat,1,0.3184,0.0,0.8,0.0,0.4816,0.0,harness_hendrycksTest_professional_medicine_5
open-llm-leaderboard/details_Aspik101__StableBeluga-13B-instruct-PL-lora_unload,1,0.1184,0.0,0.4,0.0,0.5184,0.0,harness_hendrycksTest_professional_medicine_5
open-llm-leaderboard/details_wahaha1987__llama_13b_sharegpt94k_fastchat,1,0.2184,0.0,0.3,0.0,0.5184,0.0,harness_hendrycksTest_professional_medicine_5
open-llm-leaderboard/details_digitous__Javalion-R,1,0.2875,0.0,0.6,0.0,0.3125,0.0,harness_hendrycksTest_professional_medicine_5
open-llm-leaderboard/details_Austism__chronos-hermes-13b-v2,1,0.0147,0.0,0.5,0.0,0.5147,0.0,harness_hendrycksTest_professional_medicine_5
open-llm-leaderboard/details_camel-ai__CAMEL-13B-Combined-Data,1,0.0257,0.0,0.5,0.0,0.5257,0.0,harness_hendrycksTest_professional_medicine_5
open-llm-leaderboard/details_elinas__chronos-13b-v2,1,0.0779,0.0,0.4,0.0,0.4779,0.0,harness_hendrycksTest_professional_medicine_5
open-llm-leaderboard/details_IGeniusDev__llama13B-quant8-testv1-openorca-customdataset,1,0.0147,0.0,0.5,0.0,0.5147,0.0,harness_hendrycksTest_professional_medicine_5
open-llm-leaderboard/details_openbmb__UltraLM-65b,1,0.025,0.0,0.6,0.0,0.625,0.0,harness_hendrycksTest_professional_medicine_5
open-llm-leaderboard/details_shareAI__CodeLLaMA-chat-13b-Chinese,1,0.0382,0.0,0.3,0.0,0.3382,0.0,harness_hendrycksTest_professional_medicine_5
open-llm-leaderboard/details_Sao10K__Stheno-L2-13B,1,0.1074,0.0,0.4,0.0,0.5074,0.0,harness_hendrycksTest_professional_medicine_5
open-llm-leaderboard/details_TheBloke__OpenOrca-Platypus2-13B-GPTQ,1,0.1515,0.0,0.4,0.0,0.5515,0.0,harness_hendrycksTest_professional_medicine_5
open-llm-leaderboard/details_bongchoi__test-llama2-7b,1,0.2257,0.0,0.3,0.0,0.5257,0.0,harness_hendrycksTest_professional_medicine_5
open-llm-leaderboard/details_Q-bert__MetaMath-Cybertron-Starling,1,0.0049,0.0,0.7,0.0,0.6951,0.0,harness_hendrycksTest_human_aging_5
open-llm-leaderboard/details_abacusai__Fewshot-Metamath-OrcaVicuna-Mistral,1,0.0274,0.0,0.7,0.0,0.6726,0.0,harness_hendrycksTest_human_aging_5
open-llm-leaderboard/details_rameshm__llama-2-13b-mathgpt-v4,1,0.0247,0.0,0.5,0.0,0.5247,0.0,harness_hendrycksTest_human_aging_5
open-llm-leaderboard/details_qblocks__mistral_7b_DolphinCoder,1,0.0229,0.0,0.7,0.0,0.6771,0.0,harness_hendrycksTest_human_aging_5
open-llm-leaderboard/details_rombodawg__LosslessMegaCoder-llama2-13b-mini,1,0.1498,0.0,0.8,0.0,0.6502,0.0,harness_hendrycksTest_human_aging_5
open-llm-leaderboard/details_mrm8488__llama-2-coder-7b,1,0.0381,0.0,0.5,0.0,0.5381,0.0,harness_hendrycksTest_human_aging_5
open-llm-leaderboard/details_jondurbin__airocoder-34b-2.1,1,0.0978,0.0,0.4,0.0,0.4978,0.0,harness_hendrycksTest_human_aging_5
open-llm-leaderboard/details_WizardLM__WizardCoder-15B-V1.0,1,0.1502,0.0,0.5,0.0,0.3498,0.0,harness_hendrycksTest_human_aging_5
open-llm-leaderboard/details_ceadar-ie__FinanceConnect-13B,1,0.1126,0.0,0.7,0.0,0.5874,0.0,harness_hendrycksTest_human_aging_5
open-llm-leaderboard/details_Harshvir__Llama-2-7B-physics,1,0.183,0.0,0.4,0.0,0.583,0.0,harness_hendrycksTest_human_aging_5
open-llm-leaderboard/details_zhengr__MixTAO-7Bx2-MoE-DPO,1,0.0274,0.0,0.7,0.0,0.6726,0.0,harness_hendrycksTest_human_aging_5
open-llm-leaderboard/details_alignment-handbook__zephyr-7b-sft-full,1,0.0363,0.0,0.7,0.0,0.6637,0.0,harness_hendrycksTest_human_aging_5
open-llm-leaderboard/details_rombodawg__Leaderboard-killer-MoE_4x7b,1,0.0318,0.0,0.7,0.0,0.6682,0.0,harness_hendrycksTest_human_aging_5
open-llm-leaderboard/details_moreh__MoMo-70B-lora-1.8.6-DPO,1,0.1027,0.0,0.7,0.0,0.8027,0.0,harness_hendrycksTest_human_aging_5
open-llm-leaderboard/details_nfaheem__Marcoroni-7b-DPO-Merge,1,0.0049,0.0,0.7,0.0,0.6951,0.0,harness_hendrycksTest_human_aging_5
open-llm-leaderboard/details_AA051611__limb,1,0.0399,0.0,0.7,0.0,0.7399,0.0,harness_hendrycksTest_human_aging_5
open-llm-leaderboard/details_Locutusque__Rhino-Mistral-7B,1,0.135,0.0,0.7,0.0,0.565,0.0,harness_hendrycksTest_human_aging_5
open-llm-leaderboard/details_flemmingmiguel__NeuDist-Ro-7B,1,0.0139,0.0,0.7,0.0,0.6861,0.0,harness_hendrycksTest_human_aging_5
open-llm-leaderboard/details_KnutJaegersberg__Qwen-14B-Llamafied,1,0.0354,0.0,0.7,0.0,0.7354,0.0,harness_hendrycksTest_human_aging_5
open-llm-leaderboard/details_Unbabel__TowerInstruct-7B-v0.1,1,0.0426,0.0,0.5,0.0,0.5426,0.0,harness_hendrycksTest_human_aging_5
open-llm-leaderboard/details_charlesdedampierre__TopicNeuralHermes-2.5-Mistral-7B,1,0.1004,0.0,0.8,0.0,0.6996,0.0,harness_hendrycksTest_human_aging_5
open-llm-leaderboard/details_Pierre-obi__Mistral_solar-slerp,1,0.0381,0.0,0.5,0.0,0.5381,0.0,harness_hendrycksTest_human_aging_5
open-llm-leaderboard/details_rishiraj__oswald-7b,1,0.096,0.0,0.8,0.0,0.704,0.0,harness_hendrycksTest_human_aging_5
open-llm-leaderboard/details_CultriX__MistralTrixTest,1,0.0004,0.0,0.7,0.0,0.6996,0.0,harness_hendrycksTest_human_aging_5
open-llm-leaderboard/details_Delcos__Velara-11B-V2,1,0.0601,0.0,0.8,0.0,0.7399,0.0,harness_hendrycksTest_human_aging_5
open-llm-leaderboard/details_cognitivecomputations__yayi2-30b-llama,1,0.0018,0.0,0.8,0.0,0.7982,0.0,harness_hendrycksTest_human_aging_5
open-llm-leaderboard/details_Neuronovo__neuronovo-7B-v0.1,1,0.0915,0.0,0.8,0.0,0.7085,0.0,harness_hendrycksTest_human_aging_5
open-llm-leaderboard/details_shadowml__Daredevil-7B,1,0.0049,0.0,0.7,0.0,0.6951,0.0,harness_hendrycksTest_human_aging_5
open-llm-leaderboard/details_UCLA-AGI__test,1,0.0771,0.0,0.6,0.0,0.6771,0.0,harness_hendrycksTest_human_aging_5
open-llm-leaderboard/details_OpenBuddy__openbuddy-mixtral-7bx8-v16.3-32k,1,0.0444,0.0,0.7,0.0,0.7444,0.0,harness_hendrycksTest_human_aging_5
open-llm-leaderboard/details_jondurbin__bagel-dpo-34b-v0.2,1,0.0937,0.0,0.7,0.0,0.7937,0.0,harness_hendrycksTest_human_aging_5
open-llm-leaderboard/details_TomGrc__FusionNet_passthrough_v0.1,1,0.1408,0.0,0.8,0.0,0.6592,0.0,harness_hendrycksTest_human_aging_5
open-llm-leaderboard/details_decapoda-research__Antares-11b-v1,1,0.0175,0.0,0.7,0.0,0.7175,0.0,harness_hendrycksTest_human_aging_5
open-llm-leaderboard/details_cognitivecomputations__dolphin-2.2-yi-34b-200k,1,0.5099,0.0,0.1,0.0,0.6099,0.0,harness_hendrycksTest_human_aging_5
open-llm-leaderboard/details_NousResearch__Nous-Hermes-2-Yi-34B,1,0.0937,0.0,0.7,0.0,0.7937,0.0,harness_hendrycksTest_human_aging_5
open-llm-leaderboard/details_liuda1__dm7b_sft_gpt88w_merge,1,0.0453,0.0,0.7,0.0,0.6547,0.0,harness_hendrycksTest_human_aging_5
open-llm-leaderboard/details_Yhyu13__LMCocktail-Mistral-7B-v1,1,0.0318,0.0,0.7,0.0,0.6682,0.0,harness_hendrycksTest_human_aging_5
open-llm-leaderboard/details_abdulrahman-nuzha__finetuned-Mistral-5000-v1.0,1,0.0547,0.0,0.6,0.0,0.6547,0.0,harness_hendrycksTest_human_aging_5
open-llm-leaderboard/details_zyh3826__GML-Mistral-merged-v1,1,0.0049,0.0,0.7,0.0,0.6951,0.0,harness_hendrycksTest_human_aging_5
open-llm-leaderboard/details_Weyaxi__SauerkrautLM-UNA-SOLAR-Instruct,1,0.1229,0.0,0.8,0.0,0.6771,0.0,harness_hendrycksTest_human_aging_5
open-llm-leaderboard/details_Zangs3011__mistral_7b_DolphinCoder,1,0.0229,0.0,0.7,0.0,0.6771,0.0,harness_hendrycksTest_human_aging_5
open-llm-leaderboard/details_xDAN-AI__xDAN-L1Mix-DeepThinking-v2,1,0.0498,0.0,0.7,0.0,0.6502,0.0,harness_hendrycksTest_human_aging_5
open-llm-leaderboard/details_upaya07__Birbal-7B-V1,1,0.0735,0.0,0.8,0.0,0.7265,0.0,harness_hendrycksTest_human_aging_5
open-llm-leaderboard/details_cookinai__BruinHermes,1,0.0094,0.0,0.7,0.0,0.6906,0.0,harness_hendrycksTest_human_aging_5
open-llm-leaderboard/details_martyn__llama2-megamerge-dare-13b-v2,1,0.0677,0.0,0.7,0.0,0.6323,0.0,harness_hendrycksTest_human_aging_5
open-llm-leaderboard/details_Mihaiii__Metis-0.1,1,0.0139,0.0,0.7,0.0,0.6861,0.0,harness_hendrycksTest_human_aging_5
open-llm-leaderboard/details_Undi95__Mixtral-8x7B-MoE-RP-Story,1,0.2426,0.0,0.7,0.0,0.4574,0.0,harness_hendrycksTest_human_aging_5
open-llm-leaderboard/details_perlthoughts__Starling-LM-alpha-8x7B-MoE,1,0.087,0.0,0.8,0.0,0.713,0.0,harness_hendrycksTest_human_aging_5
open-llm-leaderboard/details_perlthoughts__Chupacabra-8x7B-MoE,1,0.0094,0.0,0.7,0.0,0.6906,0.0,harness_hendrycksTest_human_aging_5
open-llm-leaderboard/details_kyujinpy__PlatYi-34B-200K-Q,1,0.0027,0.0,0.8,0.0,0.8027,0.0,harness_hendrycksTest_human_aging_5
open-llm-leaderboard/details_jondurbin__spicyboros-70b-2.2,1,0.0072,0.0,0.8,0.0,0.8072,0.0,harness_hendrycksTest_human_aging_5
open-llm-leaderboard/details_perlthoughts__Falkor-7b,1,0.0139,0.0,0.7,0.0,0.6861,0.0,harness_hendrycksTest_human_aging_5
open-llm-leaderboard/details_Locutusque__Orca-2-13B-no_robots,1,0.0592,0.0,0.6,0.0,0.6592,0.0,harness_hendrycksTest_human_aging_5
open-llm-leaderboard/details_haoranxu__ALMA-13B,1,0.0547,0.0,0.6,0.0,0.6547,0.0,harness_hendrycksTest_human_aging_5
open-llm-leaderboard/details_TokenBender__pic_7B_mistral_Full_v0.1,1,0.0139,0.0,0.7,0.0,0.6861,0.0,harness_hendrycksTest_human_aging_5
open-llm-leaderboard/details_kyujinpy__PlatYi-34B-Llama,1,0.1027,0.0,0.7,0.0,0.8027,0.0,harness_hendrycksTest_human_aging_5
open-llm-leaderboard/details_Weyaxi__Platypus-Nebula-v2-7B,1,0.1457,0.0,0.5,0.0,0.6457,0.0,harness_hendrycksTest_human_aging_5
open-llm-leaderboard/details_922-CA__monika-ddlc-7b-v1,1,0.1202,0.0,0.4,0.0,0.5202,0.0,harness_hendrycksTest_human_aging_5
open-llm-leaderboard/details_bofenghuang__vigostral-7b-chat,1,0.0726,0.0,0.6,0.0,0.6726,0.0,harness_hendrycksTest_human_aging_5
open-llm-leaderboard/details_Secbone__llama-2-13B-instructed,1,0.0502,0.0,0.6,0.0,0.6502,0.0,harness_hendrycksTest_human_aging_5
open-llm-leaderboard/details_Sao10K__Euryale-L2-70B,1,0.0332,0.0,0.8,0.0,0.7668,0.0,harness_hendrycksTest_human_aging_5
open-llm-leaderboard/details_chargoddard__storytime-13b,1,0.104,0.0,0.6,0.0,0.704,0.0,harness_hendrycksTest_human_aging_5
open-llm-leaderboard/details_SkunkworksAI__Mistralic-7B-1,1,0.0049,0.0,0.7,0.0,0.6951,0.0,harness_hendrycksTest_human_aging_5
open-llm-leaderboard/details_DopeorNope__LaOT,1,0.0484,0.0,0.6,0.0,0.5516,0.0,harness_hendrycksTest_human_aging_5
open-llm-leaderboard/details_CHIH-HUNG__llama-2-13b-FINETUNE3_3.3w-r8-gate_up_down,1,0.0547,0.0,0.6,0.0,0.6547,0.0,harness_hendrycksTest_human_aging_5
open-llm-leaderboard/details_PygmalionAI__pygmalion-2-7b,1,0.0561,0.0,0.5,0.0,0.5561,0.0,harness_hendrycksTest_human_aging_5
open-llm-leaderboard/details_KnutJaegersberg__deacon-13b,1,0.1502,0.0,0.5,0.0,0.6502,0.0,harness_hendrycksTest_human_aging_5
open-llm-leaderboard/details_Sao10K__Zephyrus-L1-33B,1,0.2278,0.0,0.4,0.0,0.6278,0.0,harness_hendrycksTest_human_aging_5
open-llm-leaderboard/details_beaugogh__Llama2-7b-openorca-mc-v2-dpo,1,0.065,0.0,0.5,0.0,0.565,0.0,harness_hendrycksTest_human_aging_5
open-llm-leaderboard/details_Sao10K__BrainDerp2,1,0.0004,0.0,0.7,0.0,0.6996,0.0,harness_hendrycksTest_human_aging_5
open-llm-leaderboard/details_camel-ai__CAMEL-13B-Role-Playing-Data,1,0.026,0.0,0.6,0.0,0.574,0.0,harness_hendrycksTest_human_aging_5
open-llm-leaderboard/details_akjindal53244__Mistral-7B-v0.1-Open-Platypus,1,0.1265,0.0,0.6,0.0,0.7265,0.0,harness_hendrycksTest_human_aging_5
open-llm-leaderboard/details_totally-not-an-llm__EverythingLM-13b-V3-peft,1,0.0632,0.0,0.7,0.0,0.6368,0.0,harness_hendrycksTest_human_aging_5
open-llm-leaderboard/details_YeungNLP__firefly-llama2-7b-pretrain,1,0.2874,0.0,0.7,0.0,0.4126,0.0,harness_hendrycksTest_human_aging_5
open-llm-leaderboard/details_Charlie911__vicuna-7b-v1.5-lora-mctaco-modified1,1,0.1426,0.0,0.4,0.0,0.5426,0.0,harness_hendrycksTest_human_aging_5
open-llm-leaderboard/details_TheBloke__Wizard-Vicuna-13B-Uncensored-HF,1,0.0695,0.0,0.5,0.0,0.5695,0.0,harness_hendrycksTest_human_aging_5
open-llm-leaderboard/details_dhmeltzer__Llama-2-13b-hf-ds_wiki_1024_full_r_64_alpha_16_merged,1,0.0413,0.0,0.6,0.0,0.6413,0.0,harness_hendrycksTest_human_aging_5
open-llm-leaderboard/details_dotvignesh__perry-7b,1,0.1381,0.0,0.4,0.0,0.5381,0.0,harness_hendrycksTest_human_aging_5
open-llm-leaderboard/details_hyunseoki__ko-ref-llama2-13b,1,0.0695,0.0,0.5,0.0,0.4305,0.0,harness_hendrycksTest_human_aging_5
open-llm-leaderboard/details_yeontaek__WizardCoder-Python-13B-LoRa,1,0.1753,0.0,0.3,0.0,0.4753,0.0,harness_hendrycksTest_human_aging_5
open-llm-leaderboard/details_ehartford__WizardLM-1.0-Uncensored-CodeLlama-34b,1,0.0785,0.0,0.5,0.0,0.5785,0.0,harness_hendrycksTest_human_aging_5
open-llm-leaderboard/details_TFLai__Airboros2.1-Platypus2-13B-QLora-0.80-epoch,1,0.1323,0.0,0.5,0.0,0.6323,0.0,harness_hendrycksTest_human_aging_5
open-llm-leaderboard/details_TheBloke__tulu-7B-fp16,1,0.0291,0.0,0.5,0.0,0.5291,0.0,harness_hendrycksTest_human_aging_5
open-llm-leaderboard/details_heegyu__LIMA-13b-hf,1,0.0395,0.0,0.6,0.0,0.5605,0.0,harness_hendrycksTest_human_aging_5
open-llm-leaderboard/details_jondurbin__airoboros-7b-gpt4-1.1,1,0.1753,0.0,0.3,0.0,0.4753,0.0,harness_hendrycksTest_human_aging_5
open-llm-leaderboard/details_NousResearch__CodeLlama-34b-hf,1,0.0547,0.0,0.4,0.0,0.3453,0.0,harness_hendrycksTest_human_aging_5
open-llm-leaderboard/details_CHIH-HUNG__llama-2-13b-huangyt_Fintune_1_17w-q_k_v_o_proj,1,0.0233,0.0,0.6,0.0,0.6233,0.0,harness_hendrycksTest_human_aging_5
open-llm-leaderboard/details_chargoddard__llama2-22b-blocktriangular,1,0.1368,0.0,0.5,0.0,0.6368,0.0,harness_hendrycksTest_human_aging_5
open-llm-leaderboard/details_huggingface__llama-30b,1,0.0771,0.0,0.6,0.0,0.6771,0.0,harness_hendrycksTest_human_aging_5
open-llm-leaderboard/details_openlm-research__open_llama_7b,1,0.013,0.0,0.3,0.0,0.287,0.0,harness_hendrycksTest_human_aging_5
open-llm-leaderboard/details_bofenghuang__vigogne-7b-instruct,1,0.0439,0.0,0.4,0.0,0.4439,0.0,harness_hendrycksTest_human_aging_5
open-llm-leaderboard/details_davzoku__cria-llama2-7b-v1.3,1,0.0605,0.0,0.5,0.0,0.5605,0.0,harness_hendrycksTest_human_aging_5
open-llm-leaderboard/details_xzuyn__Alpacino-SuperCOT-13B,1,0.0143,0.0,0.6,0.0,0.6143,0.0,harness_hendrycksTest_human_aging_5
open-llm-leaderboard/details_jarradh__llama2_70b_chat_uncensored,1,0.0197,0.0,0.8,0.0,0.7803,0.0,harness_hendrycksTest_human_aging_5
open-llm-leaderboard/details_mosaicml__mpt-30b-chat,1,0.0291,0.0,0.5,0.0,0.5291,0.0,harness_hendrycksTest_human_aging_5
open-llm-leaderboard/details_Aspik101__StableBeluga-13B-instruct-PL-lora_unload,1,0.0771,0.0,0.6,0.0,0.6771,0.0,harness_hendrycksTest_human_aging_5
open-llm-leaderboard/details_wahaha1987__llama_13b_sharegpt94k_fastchat,1,0.0081,0.0,0.6,0.0,0.5919,0.0,harness_hendrycksTest_human_aging_5
open-llm-leaderboard/details_digitous__Javalion-R,1,0.0991,0.0,0.3,0.0,0.3991,0.0,harness_hendrycksTest_human_aging_5
open-llm-leaderboard/details_Austism__chronos-hermes-13b-v2,1,0.0726,0.0,0.6,0.0,0.6726,0.0,harness_hendrycksTest_human_aging_5
open-llm-leaderboard/details_camel-ai__CAMEL-13B-Combined-Data,1,0.0067,0.0,0.5,0.0,0.5067,0.0,harness_hendrycksTest_human_aging_5
open-llm-leaderboard/details_elinas__chronos-13b-v2,1,0.0274,0.0,0.7,0.0,0.6726,0.0,harness_hendrycksTest_human_aging_5
open-llm-leaderboard/details_IGeniusDev__llama13B-quant8-testv1-openorca-customdataset,1,0.0323,0.0,0.6,0.0,0.6323,0.0,harness_hendrycksTest_human_aging_5
open-llm-leaderboard/details_openbmb__UltraLM-65b,1,0.0274,0.0,0.7,0.0,0.6726,0.0,harness_hendrycksTest_human_aging_5
open-llm-leaderboard/details_shareAI__CodeLLaMA-chat-13b-Chinese,1,0.1561,0.0,0.6,0.0,0.4439,0.0,harness_hendrycksTest_human_aging_5
open-llm-leaderboard/details_Sao10K__Stheno-L2-13B,1,0.0726,0.0,0.6,0.0,0.6726,0.0,harness_hendrycksTest_human_aging_5
open-llm-leaderboard/details_TheBloke__OpenOrca-Platypus2-13B-GPTQ,1,0.0368,0.0,0.6,0.0,0.6368,0.0,harness_hendrycksTest_human_aging_5
open-llm-leaderboard/details_bongchoi__test-llama2-7b,1,0.065,0.0,0.5,0.0,0.565,0.0,harness_hendrycksTest_human_aging_5
open-llm-leaderboard/details_Q-bert__MetaMath-Cybertron-Starling,1,0.1074,0.0,0.6,0.0,0.4926,0.0,harness_hendrycksTest_high_school_chemistry_5
open-llm-leaderboard/details_abacusai__Fewshot-Metamath-OrcaVicuna-Mistral,1,0.1123,0.0,0.6,0.0,0.4877,0.0,harness_hendrycksTest_high_school_chemistry_5
open-llm-leaderboard/details_rameshm__llama-2-13b-mathgpt-v4,1,0.0645,0.0,0.3,0.0,0.3645,0.0,harness_hendrycksTest_high_school_chemistry_5
open-llm-leaderboard/details_qblocks__mistral_7b_DolphinCoder,1,0.1483,0.0,0.3,0.0,0.4483,0.0,harness_hendrycksTest_high_school_chemistry_5
open-llm-leaderboard/details_rombodawg__LosslessMegaCoder-llama2-13b-mini,1,0.0517,0.0,0.5,0.0,0.4483,0.0,harness_hendrycksTest_high_school_chemistry_5
open-llm-leaderboard/details_mrm8488__llama-2-coder-7b,1,0.1995,0.0,0.5,0.0,0.3005,0.0,harness_hendrycksTest_high_school_chemistry_5
open-llm-leaderboard/details_jondurbin__airocoder-34b-2.1,1,0.0695,0.0,0.3,0.0,0.3695,0.0,harness_hendrycksTest_high_school_chemistry_5
open-llm-leaderboard/details_WizardLM__WizardCoder-15B-V1.0,1,0.0315,0.0,0.2,0.0,0.2315,0.0,harness_hendrycksTest_high_school_chemistry_5
open-llm-leaderboard/details_ceadar-ie__FinanceConnect-13B,1,0.0039,0.0,0.4,0.0,0.4039,0.0,harness_hendrycksTest_high_school_chemistry_5
open-llm-leaderboard/details_Harshvir__Llama-2-7B-physics,1,0.0138,0.0,0.4,0.0,0.4138,0.0,harness_hendrycksTest_high_school_chemistry_5
open-llm-leaderboard/details_zhengr__MixTAO-7Bx2-MoE-DPO,1,0.1123,0.0,0.6,0.0,0.4877,0.0,harness_hendrycksTest_high_school_chemistry_5
open-llm-leaderboard/details_alignment-handbook__zephyr-7b-sft-full,1,0.0271,0.0,0.5,0.0,0.5271,0.0,harness_hendrycksTest_high_school_chemistry_5
open-llm-leaderboard/details_rombodawg__Leaderboard-killer-MoE_4x7b,1,0.0729,0.0,0.6,0.0,0.5271,0.0,harness_hendrycksTest_high_school_chemistry_5
open-llm-leaderboard/details_moreh__MoMo-70B-lora-1.8.6-DPO,1,0.065,0.0,0.6,0.0,0.665,0.0,harness_hendrycksTest_high_school_chemistry_5
open-llm-leaderboard/details_nfaheem__Marcoroni-7b-DPO-Merge,1,0.1123,0.0,0.6,0.0,0.4877,0.0,harness_hendrycksTest_high_school_chemistry_5
open-llm-leaderboard/details_AA051611__limb,1,0.0483,0.0,0.6,0.0,0.5517,0.0,harness_hendrycksTest_high_school_chemistry_5
open-llm-leaderboard/details_Locutusque__Rhino-Mistral-7B,1,0.0355,0.0,0.4,0.0,0.3645,0.0,harness_hendrycksTest_high_school_chemistry_5
open-llm-leaderboard/details_flemmingmiguel__NeuDist-Ro-7B,1,0.0975,0.0,0.6,0.0,0.5025,0.0,harness_hendrycksTest_high_school_chemistry_5
open-llm-leaderboard/details_KnutJaegersberg__Qwen-14B-Llamafied,1,0.0355,0.0,0.6,0.0,0.6355,0.0,harness_hendrycksTest_high_school_chemistry_5
open-llm-leaderboard/details_Unbabel__TowerInstruct-7B-v0.1,1,0.0995,0.0,0.4,0.0,0.3005,0.0,harness_hendrycksTest_high_school_chemistry_5
open-llm-leaderboard/details_charlesdedampierre__TopicNeuralHermes-2.5-Mistral-7B,1,0.0271,0.0,0.5,0.0,0.5271,0.0,harness_hendrycksTest_high_school_chemistry_5
open-llm-leaderboard/details_Pierre-obi__Mistral_solar-slerp,1,0.0552,0.0,0.4,0.0,0.3448,0.0,harness_hendrycksTest_high_school_chemistry_5
open-llm-leaderboard/details_rishiraj__oswald-7b,1,0.0975,0.0,0.6,0.0,0.5025,0.0,harness_hendrycksTest_high_school_chemistry_5
open-llm-leaderboard/details_CultriX__MistralTrixTest,1,0.0729,0.0,0.6,0.0,0.5271,0.0,harness_hendrycksTest_high_school_chemistry_5
open-llm-leaderboard/details_Delcos__Velara-11B-V2,1,0.1419,0.0,0.6,0.0,0.4581,0.0,harness_hendrycksTest_high_school_chemistry_5
open-llm-leaderboard/details_cognitivecomputations__yayi2-30b-llama,1,0.0498,0.0,0.7,0.0,0.6502,0.0,harness_hendrycksTest_high_school_chemistry_5
open-llm-leaderboard/details_Neuronovo__neuronovo-7B-v0.1,1,0.0271,0.0,0.5,0.0,0.5271,0.0,harness_hendrycksTest_high_school_chemistry_5
open-llm-leaderboard/details_shadowml__Daredevil-7B,1,0.1025,0.0,0.6,0.0,0.4975,0.0,harness_hendrycksTest_high_school_chemistry_5
open-llm-leaderboard/details_UCLA-AGI__test,1,0.0222,0.0,0.5,0.0,0.4778,0.0,harness_hendrycksTest_high_school_chemistry_5
open-llm-leaderboard/details_OpenBuddy__openbuddy-mixtral-7bx8-v16.3-32k,1,0.0138,0.0,0.6,0.0,0.5862,0.0,harness_hendrycksTest_high_school_chemistry_5
open-llm-leaderboard/details_jondurbin__bagel-dpo-34b-v0.2,1,0.0645,0.0,0.7,0.0,0.6355,0.0,harness_hendrycksTest_high_school_chemistry_5
open-llm-leaderboard/details_TomGrc__FusionNet_passthrough_v0.1,1,0.032,0.0,0.5,0.0,0.468,0.0,harness_hendrycksTest_high_school_chemistry_5
open-llm-leaderboard/details_decapoda-research__Antares-11b-v1,1,0.0877,0.0,0.6,0.0,0.5123,0.0,harness_hendrycksTest_high_school_chemistry_5
open-llm-leaderboard/details_cognitivecomputations__dolphin-2.2-yi-34b-200k,1,0.201,0.0,0.6,0.0,0.399,0.0,harness_hendrycksTest_high_school_chemistry_5
open-llm-leaderboard/details_NousResearch__Nous-Hermes-2-Yi-34B,1,0.1793,0.0,0.8,0.0,0.6207,0.0,harness_hendrycksTest_high_school_chemistry_5
open-llm-leaderboard/details_liuda1__dm7b_sft_gpt88w_merge,1,0.1369,0.0,0.6,0.0,0.4631,0.0,harness_hendrycksTest_high_school_chemistry_5
open-llm-leaderboard/details_Yhyu13__LMCocktail-Mistral-7B-v1,1,0.1074,0.0,0.6,0.0,0.4926,0.0,harness_hendrycksTest_high_school_chemistry_5
open-llm-leaderboard/details_abdulrahman-nuzha__finetuned-Mistral-5000-v1.0,1,0.0581,0.0,0.4,0.0,0.4581,0.0,harness_hendrycksTest_high_school_chemistry_5
open-llm-leaderboard/details_zyh3826__GML-Mistral-merged-v1,1,0.0778,0.0,0.6,0.0,0.5222,0.0,harness_hendrycksTest_high_school_chemistry_5
open-llm-leaderboard/details_Weyaxi__SauerkrautLM-UNA-SOLAR-Instruct,1,0.1074,0.0,0.4,0.0,0.5074,0.0,harness_hendrycksTest_high_school_chemistry_5
open-llm-leaderboard/details_Zangs3011__mistral_7b_DolphinCoder,1,0.1483,0.0,0.3,0.0,0.4483,0.0,harness_hendrycksTest_high_school_chemistry_5
open-llm-leaderboard/details_xDAN-AI__xDAN-L1Mix-DeepThinking-v2,1,0.1567,0.0,0.6,0.0,0.4433,0.0,harness_hendrycksTest_high_school_chemistry_5
open-llm-leaderboard/details_upaya07__Birbal-7B-V1,1,0.032,0.0,0.5,0.0,0.468,0.0,harness_hendrycksTest_high_school_chemistry_5
open-llm-leaderboard/details_cookinai__BruinHermes,1,0.0975,0.0,0.6,0.0,0.5025,0.0,harness_hendrycksTest_high_school_chemistry_5
open-llm-leaderboard/details_martyn__llama2-megamerge-dare-13b-v2,1,0.001,0.0,0.4,0.0,0.399,0.0,harness_hendrycksTest_high_school_chemistry_5
open-llm-leaderboard/details_Mihaiii__Metis-0.1,1,0.1828,0.0,0.7,0.0,0.5172,0.0,harness_hendrycksTest_high_school_chemistry_5
open-llm-leaderboard/details_Undi95__Mixtral-8x7B-MoE-RP-Story,1,0.434,0.0,0.7,0.0,0.266,0.0,harness_hendrycksTest_high_school_chemistry_5
open-llm-leaderboard/details_perlthoughts__Starling-LM-alpha-8x7B-MoE,1,0.132,0.0,0.6,0.0,0.468,0.0,harness_hendrycksTest_high_school_chemistry_5
open-llm-leaderboard/details_perlthoughts__Chupacabra-8x7B-MoE,1,0.0074,0.0,0.5,0.0,0.4926,0.0,harness_hendrycksTest_high_school_chemistry_5
open-llm-leaderboard/details_kyujinpy__PlatYi-34B-200K-Q,1,0.1103,0.0,0.8,0.0,0.6897,0.0,harness_hendrycksTest_high_school_chemistry_5
open-llm-leaderboard/details_jondurbin__spicyboros-70b-2.2,1,0.1025,0.0,0.6,0.0,0.4975,0.0,harness_hendrycksTest_high_school_chemistry_5
open-llm-leaderboard/details_perlthoughts__Falkor-7b,1,0.0074,0.0,0.5,0.0,0.4926,0.0,harness_hendrycksTest_high_school_chemistry_5
open-llm-leaderboard/details_Locutusque__Orca-2-13B-no_robots,1,0.0778,0.0,0.4,0.0,0.4778,0.0,harness_hendrycksTest_high_school_chemistry_5
open-llm-leaderboard/details_haoranxu__ALMA-13B,1,0.2187,0.0,0.2,0.0,0.4187,0.0,harness_hendrycksTest_high_school_chemistry_5
open-llm-leaderboard/details_TokenBender__pic_7B_mistral_Full_v0.1,1,0.0025,0.0,0.5,0.0,0.5025,0.0,harness_hendrycksTest_high_school_chemistry_5
open-llm-leaderboard/details_kyujinpy__PlatYi-34B-Llama,1,0.0005,0.0,0.7,0.0,0.6995,0.0,harness_hendrycksTest_high_school_chemistry_5
open-llm-leaderboard/details_Weyaxi__Platypus-Nebula-v2-7B,1,0.0714,0.0,0.5,0.0,0.4286,0.0,harness_hendrycksTest_high_school_chemistry_5
open-llm-leaderboard/details_922-CA__monika-ddlc-7b-v1,1,0.1498,0.0,0.2,0.0,0.3498,0.0,harness_hendrycksTest_high_school_chemistry_5
open-llm-leaderboard/details_bofenghuang__vigostral-7b-chat,1,0.0025,0.0,0.5,0.0,0.5025,0.0,harness_hendrycksTest_high_school_chemistry_5
open-llm-leaderboard/details_Secbone__llama-2-13B-instructed,1,0.0567,0.0,0.5,0.0,0.4433,0.0,harness_hendrycksTest_high_school_chemistry_5
open-llm-leaderboard/details_Sao10K__Euryale-L2-70B,1,0.1877,0.0,0.7,0.0,0.5123,0.0,harness_hendrycksTest_high_school_chemistry_5
open-llm-leaderboard/details_chargoddard__storytime-13b,1,0.1567,0.0,0.6,0.0,0.4433,0.0,harness_hendrycksTest_high_school_chemistry_5
open-llm-leaderboard/details_SkunkworksAI__Mistralic-7B-1,1,0.1236,0.0,0.3,0.0,0.4236,0.0,harness_hendrycksTest_high_school_chemistry_5
open-llm-leaderboard/details_DopeorNope__LaOT,1,0.001,0.0,0.4,0.0,0.399,0.0,harness_hendrycksTest_high_school_chemistry_5
open-llm-leaderboard/details_CHIH-HUNG__llama-2-13b-FINETUNE3_3.3w-r8-gate_up_down,1,0.0714,0.0,0.5,0.0,0.4286,0.0,harness_hendrycksTest_high_school_chemistry_5
open-llm-leaderboard/details_PygmalionAI__pygmalion-2-7b,1,0.0448,0.0,0.3,0.0,0.3448,0.0,harness_hendrycksTest_high_school_chemistry_5
open-llm-leaderboard/details_KnutJaegersberg__deacon-13b,1,0.0517,0.0,0.5,0.0,0.4483,0.0,harness_hendrycksTest_high_school_chemistry_5
open-llm-leaderboard/details_Sao10K__Zephyrus-L1-33B,1,0.0532,0.0,0.4,0.0,0.4532,0.0,harness_hendrycksTest_high_school_chemistry_5
open-llm-leaderboard/details_beaugogh__Llama2-7b-openorca-mc-v2-dpo,1,0.0793,0.0,0.3,0.0,0.3793,0.0,harness_hendrycksTest_high_school_chemistry_5
open-llm-leaderboard/details_Sao10K__BrainDerp2,1,0.0729,0.0,0.4,0.0,0.4729,0.0,harness_hendrycksTest_high_school_chemistry_5
open-llm-leaderboard/details_camel-ai__CAMEL-13B-Role-Playing-Data,1,0.2094,0.0,0.5,0.0,0.2906,0.0,harness_hendrycksTest_high_school_chemistry_5
open-llm-leaderboard/details_akjindal53244__Mistral-7B-v0.1-Open-Platypus,1,0.0975,0.0,0.6,0.0,0.5025,0.0,harness_hendrycksTest_high_school_chemistry_5
open-llm-leaderboard/details_totally-not-an-llm__EverythingLM-13b-V3-peft,1,0.1039,0.0,0.3,0.0,0.4039,0.0,harness_hendrycksTest_high_school_chemistry_5
open-llm-leaderboard/details_YeungNLP__firefly-llama2-7b-pretrain,1,0.1448,0.0,0.2,0.0,0.3448,0.0,harness_hendrycksTest_high_school_chemistry_5
open-llm-leaderboard/details_Charlie911__vicuna-7b-v1.5-lora-mctaco-modified1,1,0.0305,0.0,0.4,0.0,0.3695,0.0,harness_hendrycksTest_high_school_chemistry_5
open-llm-leaderboard/details_TheBloke__Wizard-Vicuna-13B-Uncensored-HF,1,0.2798,0.0,0.6,0.0,0.3202,0.0,harness_hendrycksTest_high_school_chemistry_5
open-llm-leaderboard/details_dhmeltzer__Llama-2-13b-hf-ds_wiki_1024_full_r_64_alpha_16_merged,1,0.0813,0.0,0.5,0.0,0.4187,0.0,harness_hendrycksTest_high_school_chemistry_5
open-llm-leaderboard/details_dotvignesh__perry-7b,1,0.1153,0.0,0.2,0.0,0.3153,0.0,harness_hendrycksTest_high_school_chemistry_5
open-llm-leaderboard/details_hyunseoki__ko-ref-llama2-13b,1,0.1847,0.0,0.5,0.0,0.3153,0.0,harness_hendrycksTest_high_school_chemistry_5
open-llm-leaderboard/details_yeontaek__WizardCoder-Python-13B-LoRa,1,0.1946,0.0,0.5,0.0,0.3054,0.0,harness_hendrycksTest_high_school_chemistry_5
open-llm-leaderboard/details_ehartford__WizardLM-1.0-Uncensored-CodeLlama-34b,1,0.2108,0.0,0.6,0.0,0.3892,0.0,harness_hendrycksTest_high_school_chemistry_5
open-llm-leaderboard/details_TFLai__Airboros2.1-Platypus2-13B-QLora-0.80-epoch,1,0.0911,0.0,0.5,0.0,0.4089,0.0,harness_hendrycksTest_high_school_chemistry_5
open-llm-leaderboard/details_TheBloke__tulu-7B-fp16,1,0.0103,0.0,0.3,0.0,0.3103,0.0,harness_hendrycksTest_high_school_chemistry_5
open-llm-leaderboard/details_heegyu__LIMA-13b-hf,1,0.2355,0.0,0.6,0.0,0.3645,0.0,harness_hendrycksTest_high_school_chemistry_5
open-llm-leaderboard/details_jondurbin__airoboros-7b-gpt4-1.1,1,0.07,0.0,0.4,0.0,0.33,0.0,harness_hendrycksTest_high_school_chemistry_5
open-llm-leaderboard/details_NousResearch__CodeLlama-34b-hf,1,0.0498,0.0,0.3,0.0,0.3498,0.0,harness_hendrycksTest_high_school_chemistry_5
open-llm-leaderboard/details_CHIH-HUNG__llama-2-13b-huangyt_Fintune_1_17w-q_k_v_o_proj,1,0.0236,0.0,0.4,0.0,0.4236,0.0,harness_hendrycksTest_high_school_chemistry_5
open-llm-leaderboard/details_chargoddard__llama2-22b-blocktriangular,1,0.1532,0.0,0.3,0.0,0.4532,0.0,harness_hendrycksTest_high_school_chemistry_5
open-llm-leaderboard/details_huggingface__llama-30b,1,0.1911,0.0,0.6,0.0,0.4089,0.0,harness_hendrycksTest_high_school_chemistry_5
open-llm-leaderboard/details_openlm-research__open_llama_7b,1,0.2463,0.0,0.0,0.0,0.2463,0.0,harness_hendrycksTest_high_school_chemistry_5
open-llm-leaderboard/details_bofenghuang__vigogne-7b-instruct,1,0.0044,0.0,0.3,0.0,0.2956,0.0,harness_hendrycksTest_high_school_chemistry_5
open-llm-leaderboard/details_davzoku__cria-llama2-7b-v1.3,1,0.0695,0.0,0.3,0.0,0.3695,0.0,harness_hendrycksTest_high_school_chemistry_5
open-llm-leaderboard/details_xzuyn__Alpacino-SuperCOT-13B,1,0.3192,0.0,0.6,0.0,0.2808,0.0,harness_hendrycksTest_high_school_chemistry_5
open-llm-leaderboard/details_jarradh__llama2_70b_chat_uncensored,1,0.2729,0.0,0.8,0.0,0.5271,0.0,harness_hendrycksTest_high_school_chemistry_5
open-llm-leaderboard/details_mosaicml__mpt-30b-chat,1,0.1158,0.0,0.5,0.0,0.3842,0.0,harness_hendrycksTest_high_school_chemistry_5
open-llm-leaderboard/details_Aspik101__StableBeluga-13B-instruct-PL-lora_unload,1,0.0862,0.0,0.5,0.0,0.4138,0.0,harness_hendrycksTest_high_school_chemistry_5
open-llm-leaderboard/details_wahaha1987__llama_13b_sharegpt94k_fastchat,1,0.0207,0.0,0.4,0.0,0.3793,0.0,harness_hendrycksTest_high_school_chemistry_5
open-llm-leaderboard/details_digitous__Javalion-R,1,0.2005,0.0,0.1,0.0,0.3005,0.0,harness_hendrycksTest_high_school_chemistry_5
open-llm-leaderboard/details_Austism__chronos-hermes-13b-v2,1,0.0911,0.0,0.5,0.0,0.4089,0.0,harness_hendrycksTest_high_school_chemistry_5
open-llm-leaderboard/details_camel-ai__CAMEL-13B-Combined-Data,1,0.065,0.0,0.4,0.0,0.335,0.0,harness_hendrycksTest_high_school_chemistry_5
open-llm-leaderboard/details_elinas__chronos-13b-v2,1,0.0892,0.0,0.3,0.0,0.3892,0.0,harness_hendrycksTest_high_school_chemistry_5
open-llm-leaderboard/details_IGeniusDev__llama13B-quant8-testv1-openorca-customdataset,1,0.1236,0.0,0.3,0.0,0.4236,0.0,harness_hendrycksTest_high_school_chemistry_5
open-llm-leaderboard/details_openbmb__UltraLM-65b,1,0.2108,0.0,0.6,0.0,0.3892,0.0,harness_hendrycksTest_high_school_chemistry_5
open-llm-leaderboard/details_shareAI__CodeLLaMA-chat-13b-Chinese,1,0.0438,0.0,0.3,0.0,0.2562,0.0,harness_hendrycksTest_high_school_chemistry_5
open-llm-leaderboard/details_Sao10K__Stheno-L2-13B,1,0.0468,0.0,0.5,0.0,0.4532,0.0,harness_hendrycksTest_high_school_chemistry_5
open-llm-leaderboard/details_TheBloke__OpenOrca-Platypus2-13B-GPTQ,1,0.0665,0.0,0.5,0.0,0.4335,0.0,harness_hendrycksTest_high_school_chemistry_5
open-llm-leaderboard/details_bongchoi__test-llama2-7b,1,0.2355,0.0,0.6,0.0,0.3645,0.0,harness_hendrycksTest_high_school_chemistry_5
