target_dataset,distance,chain,n_datasets_in_training,target_n_questions,n_anchors_per_dataset,n_base_datasets,cost_full_eval_target,cost_fixed_target_anchors,cost_concurrent_all_anchors,concurrent_n_items,concurrent_n_anchors,concurrent_best_dimension,concurrent_training_time_sec,concurrent_cumulative_chain_time,concurrent_min_anchors_per_eval_dataset,concurrent_new_model_old_data_n_models,concurrent_new_model_old_data_n_datasets,concurrent_new_model_old_data_anchor_error_mean,concurrent_new_model_old_data_anchor_error_std,concurrent_new_model_old_data_irt_error_mean,concurrent_new_model_old_data_irt_error_std,concurrent_new_model_old_data_gp_irt_error_mean,concurrent_new_model_old_data_gp_irt_error_std,concurrent_new_model_old_data_pirt_error_mean,concurrent_new_model_old_data_pirt_error_std,concurrent_new_model_old_data_true_perf_mean,concurrent_new_model_old_data_true_perf_std,concurrent_new_model_old_data_random_gp_irt_error_mean,concurrent_new_model_old_data_random_gp_irt_error_std,concurrent_new_model_old_data_simple_random_error_mean,concurrent_new_model_old_data_simple_random_error_std,concurrent_new_model_old_data_pooled_simple_random_error_mean,concurrent_new_model_old_data_pooled_simple_random_error_std,concurrent_new_model_old_data_n_pooled_anchors,concurrent_new_model_old_data_per_dataset_errors,concurrent_new_model_old_data_pooled_random_irt_anchor_error_mean,concurrent_new_model_old_data_pooled_random_irt_anchor_error_std,concurrent_new_model_old_data_pooled_random_irt_irt_error_mean,concurrent_new_model_old_data_pooled_random_irt_irt_error_std,concurrent_new_model_old_data_pooled_random_irt_gp_irt_error_mean,concurrent_new_model_old_data_pooled_random_irt_gp_irt_error_std,concurrent_new_model_old_data_pooled_random_irt_pirt_error_mean,concurrent_new_model_old_data_pooled_random_irt_pirt_error_std,concurrent_new_model_old_data_n_pooled_random_anchors,concurrent_new_model_old_data_pooled_irt_anchor_error_mean,concurrent_new_model_old_data_pooled_irt_anchor_error_std,concurrent_new_model_old_data_pooled_irt_irt_error_mean,concurrent_new_model_old_data_pooled_irt_irt_error_std,concurrent_new_model_old_data_pooled_irt_gp_irt_error_mean,concurrent_new_model_old_data_pooled_irt_gp_irt_error_std,concurrent_new_model_old_data_pooled_irt_pirt_error_mean,concurrent_new_model_old_data_pooled_irt_pirt_error_std,concurrent_new_model_old_data_proportional_irt_anchor_error_mean,concurrent_new_model_old_data_proportional_irt_anchor_error_std,concurrent_new_model_old_data_proportional_irt_irt_error_mean,concurrent_new_model_old_data_proportional_irt_irt_error_std,concurrent_new_model_old_data_proportional_irt_gp_irt_error_mean,concurrent_new_model_old_data_proportional_irt_gp_irt_error_std,concurrent_new_model_old_data_proportional_irt_pirt_error_mean,concurrent_new_model_old_data_proportional_irt_pirt_error_std,concurrent_new_model_old_data_n_proportional_anchors,concurrent_new_model_old_data_allocation,concurrent_new_model_old_data_proportional_random_error_mean,concurrent_new_model_old_data_proportional_random_error_std,concurrent_new_model_old_data_proportional_random_irt_anchor_error_mean,concurrent_new_model_old_data_proportional_random_irt_anchor_error_std,concurrent_new_model_old_data_proportional_random_irt_irt_error_mean,concurrent_new_model_old_data_proportional_random_irt_irt_error_std,concurrent_new_model_old_data_proportional_random_irt_gp_irt_error_mean,concurrent_new_model_old_data_proportional_random_irt_gp_irt_error_std,concurrent_new_model_old_data_proportional_random_irt_pirt_error_mean,concurrent_new_model_old_data_proportional_random_irt_pirt_error_std,concurrent_new_model_old_data_n_proportional_random_anchors,fixed_n_items,fixed_n_anchors,fixed_best_dimension,fixed_training_time_sec,fixed_cumulative_chain_time,fixed_min_anchors_per_eval_dataset,fixed_new_model_new_data_n_models,fixed_new_model_new_data_anchor_error_mean,fixed_new_model_new_data_anchor_error_std,fixed_new_model_new_data_irt_error_mean,fixed_new_model_new_data_irt_error_std,fixed_new_model_new_data_gp_irt_error_mean,fixed_new_model_new_data_gp_irt_error_std,fixed_new_model_new_data_pirt_error_mean,fixed_new_model_new_data_pirt_error_std,fixed_new_model_new_data_true_perf_mean,fixed_new_model_new_data_true_perf_std,fixed_old_model_new_data_n_models,fixed_old_model_new_data_anchor_error_mean,fixed_old_model_new_data_anchor_error_std,fixed_old_model_new_data_irt_error_mean,fixed_old_model_new_data_irt_error_std,fixed_old_model_new_data_gp_irt_error_mean,fixed_old_model_new_data_gp_irt_error_std,fixed_old_model_new_data_pirt_error_mean,fixed_old_model_new_data_pirt_error_std,fixed_old_model_new_data_true_perf_mean,fixed_old_model_new_data_true_perf_std,fixed_new_model_old_data_n_models,fixed_new_model_old_data_n_datasets,fixed_new_model_old_data_anchor_error_mean,fixed_new_model_old_data_anchor_error_std,fixed_new_model_old_data_irt_error_mean,fixed_new_model_old_data_irt_error_std,fixed_new_model_old_data_gp_irt_error_mean,fixed_new_model_old_data_gp_irt_error_std,fixed_new_model_old_data_pirt_error_mean,fixed_new_model_old_data_pirt_error_std,fixed_new_model_old_data_true_perf_mean,fixed_new_model_old_data_true_perf_std,fixed_n_seeds,fixed_n_random_questions,fixed_random_anchor_error_mean,fixed_random_anchor_error_std,fixed_random_irt_error_mean,fixed_random_irt_error_std,fixed_random_gp_irt_error_mean,fixed_random_gp_irt_error_std,fixed_random_pirt_error_mean,fixed_random_pirt_error_std,fixed_simple_random_error_mean,fixed_simple_random_error_std,fixed_simple_random_prediction_mean,fixed_simple_random_true_perf_mean,fixed_old_model_new_data_n_seeds,fixed_old_model_new_data_n_random_questions,fixed_old_model_new_data_random_anchor_error_mean,fixed_old_model_new_data_random_anchor_error_std,fixed_old_model_new_data_random_irt_error_mean,fixed_old_model_new_data_random_irt_error_std,fixed_old_model_new_data_random_gp_irt_error_mean,fixed_old_model_new_data_random_gp_irt_error_std,fixed_old_model_new_data_random_pirt_error_mean,fixed_old_model_new_data_random_pirt_error_std,fixed_old_model_new_data_simple_random_error_mean,fixed_old_model_new_data_simple_random_error_std,fixed_old_model_new_data_simple_random_prediction_mean,fixed_old_model_new_data_simple_random_true_perf_mean,fixed_new_model_old_data_random_gp_irt_error_mean,fixed_new_model_old_data_random_gp_irt_error_std,fixed_new_model_old_data_simple_random_error_mean,fixed_new_model_old_data_simple_random_error_std,fixed_new_model_old_data_pooled_simple_random_error_mean,fixed_new_model_old_data_pooled_simple_random_error_std,fixed_new_model_old_data_n_pooled_anchors,fixed_new_model_old_data_per_dataset_errors,fixed_new_model_old_data_pooled_random_irt_anchor_error_mean,fixed_new_model_old_data_pooled_random_irt_anchor_error_std,fixed_new_model_old_data_pooled_random_irt_irt_error_mean,fixed_new_model_old_data_pooled_random_irt_irt_error_std,fixed_new_model_old_data_pooled_random_irt_gp_irt_error_mean,fixed_new_model_old_data_pooled_random_irt_gp_irt_error_std,fixed_new_model_old_data_pooled_random_irt_pirt_error_mean,fixed_new_model_old_data_pooled_random_irt_pirt_error_std,fixed_new_model_old_data_n_pooled_random_anchors,fixed_new_model_old_data_pooled_irt_anchor_error_mean,fixed_new_model_old_data_pooled_irt_anchor_error_std,fixed_new_model_old_data_pooled_irt_irt_error_mean,fixed_new_model_old_data_pooled_irt_irt_error_std,fixed_new_model_old_data_pooled_irt_gp_irt_error_mean,fixed_new_model_old_data_pooled_irt_gp_irt_error_std,fixed_new_model_old_data_pooled_irt_pirt_error_mean,fixed_new_model_old_data_pooled_irt_pirt_error_std,fixed_new_model_old_data_proportional_irt_anchor_error_mean,fixed_new_model_old_data_proportional_irt_anchor_error_std,fixed_new_model_old_data_proportional_irt_irt_error_mean,fixed_new_model_old_data_proportional_irt_irt_error_std,fixed_new_model_old_data_proportional_irt_gp_irt_error_mean,fixed_new_model_old_data_proportional_irt_gp_irt_error_std,fixed_new_model_old_data_proportional_irt_pirt_error_mean,fixed_new_model_old_data_proportional_irt_pirt_error_std,fixed_new_model_old_data_n_proportional_anchors,fixed_new_model_old_data_allocation,fixed_new_model_old_data_proportional_random_error_mean,fixed_new_model_old_data_proportional_random_error_std,fixed_new_model_old_data_proportional_random_irt_anchor_error_mean,fixed_new_model_old_data_proportional_random_irt_anchor_error_std,fixed_new_model_old_data_proportional_random_irt_irt_error_mean,fixed_new_model_old_data_proportional_random_irt_irt_error_std,fixed_new_model_old_data_proportional_random_irt_gp_irt_error_mean,fixed_new_model_old_data_proportional_random_irt_gp_irt_error_std,fixed_new_model_old_data_proportional_random_irt_pirt_error_mean,fixed_new_model_old_data_proportional_random_irt_pirt_error_std,fixed_new_model_old_data_n_proportional_random_anchors,fixed_n_test_models,fixed_anchor_error_mean,fixed_anchor_error_std,fixed_irt_error_mean,fixed_irt_error_std,fixed_gp_irt_error_mean,fixed_gp_irt_error_std,fixed_pirt_error_mean,fixed_pirt_error_std,fixed_true_performance_mean,fixed_true_performance_std,concurrent_new_model_new_data_n_models,concurrent_new_model_new_data_anchor_error_mean,concurrent_new_model_new_data_anchor_error_std,concurrent_new_model_new_data_irt_error_mean,concurrent_new_model_new_data_irt_error_std,concurrent_new_model_new_data_gp_irt_error_mean,concurrent_new_model_new_data_gp_irt_error_std,concurrent_new_model_new_data_pirt_error_mean,concurrent_new_model_new_data_pirt_error_std,concurrent_new_model_new_data_true_perf_mean,concurrent_new_model_new_data_true_perf_std,concurrent_old_model_new_data_n_models,concurrent_old_model_new_data_anchor_error_mean,concurrent_old_model_new_data_anchor_error_std,concurrent_old_model_new_data_irt_error_mean,concurrent_old_model_new_data_irt_error_std,concurrent_old_model_new_data_gp_irt_error_mean,concurrent_old_model_new_data_gp_irt_error_std,concurrent_old_model_new_data_pirt_error_mean,concurrent_old_model_new_data_pirt_error_std,concurrent_old_model_new_data_true_perf_mean,concurrent_old_model_new_data_true_perf_std,concurrent_n_seeds,concurrent_n_random_questions,concurrent_random_anchor_error_mean,concurrent_random_anchor_error_std,concurrent_random_irt_error_mean,concurrent_random_irt_error_std,concurrent_random_gp_irt_error_mean,concurrent_random_gp_irt_error_std,concurrent_random_pirt_error_mean,concurrent_random_pirt_error_std,concurrent_simple_random_error_mean,concurrent_simple_random_error_std,concurrent_simple_random_prediction_mean,concurrent_simple_random_true_perf_mean,concurrent_old_model_new_data_n_seeds,concurrent_old_model_new_data_n_random_questions,concurrent_old_model_new_data_random_anchor_error_mean,concurrent_old_model_new_data_random_anchor_error_std,concurrent_old_model_new_data_random_irt_error_mean,concurrent_old_model_new_data_random_irt_error_std,concurrent_old_model_new_data_random_gp_irt_error_mean,concurrent_old_model_new_data_random_gp_irt_error_std,concurrent_old_model_new_data_random_pirt_error_mean,concurrent_old_model_new_data_random_pirt_error_std,concurrent_old_model_new_data_simple_random_error_mean,concurrent_old_model_new_data_simple_random_error_std,concurrent_old_model_new_data_simple_random_prediction_mean,concurrent_old_model_new_data_simple_random_true_perf_mean,concurrent_n_test_models,concurrent_anchor_error_mean,concurrent_anchor_error_std,concurrent_irt_error_mean,concurrent_irt_error_std,concurrent_gp_irt_error_mean,concurrent_gp_irt_error_std,concurrent_pirt_error_mean,concurrent_pirt_error_std,concurrent_true_performance_mean,concurrent_true_performance_std,delta_anchor_error,delta_irt_error,delta_gp_irt_error,delta_pirt_error
TruthfulQA,0,base_only,1,817,100,1,817,0,100,1267,100,5,342.99,0.0,100,98,1,0.0212,0.0,0.0388,0.0,0.0176,0.0,0.0351,0.0,0.7714,0.0,0.0176,0.0,0.0323,0.0,0.0371,0.0,100,{'Winogrande': 0.024250036241805332},79.8918,,0.0358,,61.2355,,0.0329,,100,0.0212,,0.0388,,0.0176,,0.0351,,0.0212,,0.0388,,0.0176,,0.0351,,100,{'Winogrande': 100},0.0243,0.0,76.8306,,0.0416,,58.8868,,0.0388,,100,,,,,,,,,,,,,,,,,,,,,,,,,,,,,,,,,,,,,,,,,,,,,,,,,,,,,,,,,,,,,,,,,,,,,,,,,,,,,,,,,,,,,,,,,,,,,,,,,,,,,,,,,,,,,,,,,,,,,,,,,,,,,,,,,,,,,,,,,,,,,,,,,,,,,,,,,,,,,,,,,,,,,,,,,,,,,,,,,,,,,,,,,,,,,,
TruthfulQA,1,direct,2,817,100,1,817,100,200,2084,200,5,386.49,0.0,100,98,1,0.0196,0.0,0.0575,0.0,0.0198,0.0,0.0518,0.0,0.7714,0.0,0.0218,0.0,0.0239,0.0,0.0288,0.0,100,{'Winogrande': 0.030619412721679038},78.3306,,0.0637,,49.4059,,0.0602,,100,0.0196,,0.0575,,0.0198,,0.0518,,0.0196,,0.0575,,0.0198,,0.0518,,100,{'Winogrande': 100},0.0306,0.0,74.3612,,0.0737,,46.9059,,0.0668,,100,2084.0,200.0,5.0,253.56,0.0,100.0,98.0,0.0157,0.0133,0.0152,0.0121,0.0151,0.0125,0.0149,0.0121,0.5129,0.0859,50.0,0.0126,0.0094,0.0118,0.008,0.0121,0.0088,0.0115,0.0081,0.4785,0.0761,98.0,1.0,0.0235,0.0,0.0301,0.0,0.0192,0.0,0.0269,0.0,0.7714,0.0,1.0,100.0,0.0204,0.0,0.0152,0.0,0.014,0.0,0.0133,0.0,0.0259,0.0,0.5361,0.5129,1.0,100.0,0.0256,0.0,0.0118,0.0,0.016,0.0,0.0108,0.0,0.0253,0.0,0.5006,0.4785,0.021,0.0,0.0239,0.0,0.0288,0.0,100.0,{'Winogrande': 0.03061941272167904},78.3306,,0.0319,,62.5406,,0.0304,,100.0,0.0194,,0.0343,,0.0187,,0.031,,0.0194,,0.0343,,0.0187,,0.031,,100.0,{'Winogrande': 100},0.0306,0.0,74.3612,,0.0351,,59.3717,,0.0313,,100.0,98.0,0.0157,0.0133,0.0152,0.0121,0.0151,0.0125,0.0149,0.0121,0.5129,0.0859,98.0,0.0153,0.0127,0.0269,0.0153,0.0166,0.0128,0.025,0.0147,0.5129,0.0859,50.0,0.0143,0.0119,0.0261,0.0182,0.0148,0.0136,0.024,0.0173,0.4785,0.0761,1.0,100.0,0.0204,0.0,0.0269,0.0,0.0185,0.0,0.0234,0.0,0.0259,0.0,0.5361,0.5129,1.0,100.0,0.0256,0.0,0.0261,0.0,0.0228,0.0,0.0232,0.0,0.0253,0.0,0.5006,0.4785,98.0,0.0153,0.0127,0.0269,0.0153,0.0166,0.0128,0.025,0.0147,0.5129,0.0859,0.0004,-0.0116,-0.0014,-0.0101
TruthfulQA,2,HellaSwag,3,817,100,1,817,100,300,12126,300,5,706.62,190.2061,100,98,2,0.0202,0.0067,0.0575,0.0348,0.0195,0.007,0.0528,0.0306,0.794,0.0226,0.0398,0.011,0.0254,0.0,0.033,0.0177,100,"{'Winogrande': 0.09595585382032558, 'HellaSwag': 0.02000876301190583}",39.8897,47.4597,0.0721,0.0568,30.4122,34.2767,0.0718,0.0563,100,0.3872,0.424,0.0824,0.089,0.3712,0.4281,0.0812,0.0874,0.0407,0.0361,0.0915,0.0945,0.0391,0.0359,0.0907,0.0938,100,"{'Winogrande': 11, 'HellaSwag': 89}",0.058,0.038,39.6652,44.1839,0.0723,0.0721,30.489,31.4988,0.0717,0.0715,100,12126.0,300.0,5.0,687.2,190.2061,100.0,98.0,0.0153,0.0119,0.0453,0.0299,0.0151,0.0121,0.0389,0.0268,0.5129,0.0859,50.0,0.016,0.0134,0.0541,0.0378,0.0169,0.013,0.0468,0.0331,0.4785,0.0761,98.0,2.0,0.0182,0.0053,0.2221,0.2052,0.1902,0.1668,0.2223,0.2052,0.794,0.0226,1.0,100.0,0.017,0.0,0.0453,0.0,0.0183,0.0,0.0409,0.0,0.026,0.0,0.4898,0.5129,1.0,100.0,0.0163,0.0,0.0541,0.0,0.0193,0.0,0.0493,0.0,0.0223,0.0,0.4616,0.4785,0.2164,0.1665,0.0254,0.0,0.033,0.0177,100.0,"{'Winogrande': 0.09595585382032558, 'HellaSwag': 0.020008763011905822}",39.8897,47.4597,0.0299,0.0157,6.373,0.1391,0.0299,0.0157,100.0,0.3873,0.4209,0.0199,0.0089,0.3475,0.4686,0.0198,0.0087,0.035,0.0329,0.0227,0.0147,0.0351,0.0323,0.0226,0.0146,100.0,"{'Winogrande': 11, 'HellaSwag': 89}",0.058,0.038,39.6652,44.1839,0.0257,0.0151,7.3025,1.4783,0.0257,0.0151,100.0,98.0,0.0153,0.0119,0.0453,0.0299,0.0151,0.0121,0.0389,0.0268,0.5129,0.0859,98.0,0.0132,0.0106,0.0874,0.04,0.0299,0.0178,0.0729,0.0356,0.5129,0.0859,50.0,0.0121,0.0101,0.0829,0.0426,0.029,0.0193,0.0689,0.0374,0.4785,0.0761,1.0,100.0,0.017,0.0,0.0874,0.0,0.0543,0.0,0.0763,0.0,0.026,0.0,0.4898,0.5129,1.0,100.0,0.0163,0.0,0.0829,0.0,0.0516,0.0,0.0726,0.0,0.0223,0.0,0.4616,0.4785,98.0,0.0132,0.0106,0.0874,0.04,0.0299,0.0178,0.0729,0.0356,0.5129,0.0859,0.002,-0.0421,-0.0148,-0.0339
TruthfulQA,3,HellaSwag_GSM8K,4,817,100,1,817,100,400,13445,400,5,774.69,434.2541,100,98,3,0.0195,0.0061,0.0769,0.046,0.0276,0.0082,0.0711,0.0395,0.6334,0.2279,0.0297,0.0112,0.0266,0.0011,0.0985,0.025,100,"{'Winogrande': 0.1386313483562328, 'HellaSwag': 0.022160624357291218, 'GSM8K': 0.08413300119137876}",22.245,28.1293,0.0934,0.042,5.1359,4.1563,0.093,0.0417,100,0.3814,0.2739,0.0821,0.0488,0.3061,0.3345,0.081,0.0478,0.0547,0.0348,0.0843,0.0541,0.0539,0.0254,0.0838,0.0538,100,"{'Winogrande': 10, 'HellaSwag': 80, 'GSM8K': 10}",0.0816,0.0476,25.4737,34.7764,0.0933,0.0622,4.9464,3.1187,0.0929,0.062,100,13445.0,400.0,5.0,801.17,434.2541,100.0,98.0,0.014,0.0121,0.0378,0.0236,0.0139,0.0134,0.0321,0.0218,0.5129,0.0859,50.0,0.0111,0.0094,0.0319,0.024,0.0111,0.0088,0.027,0.0218,0.4785,0.0761,98.0,3.0,0.0205,0.0054,0.2953,0.1566,0.0743,0.0421,0.2922,0.1605,0.6334,0.2279,1.0,100.0,0.0317,0.0,0.0378,0.0,0.0159,0.0,0.0331,0.0,0.0735,0.0,0.4393,0.5129,1.0,100.0,0.0321,0.0,0.0319,0.0,0.0147,0.0,0.0273,0.0,0.0789,0.0,0.3996,0.4785,0.1334,0.0918,0.0266,0.0011,0.0985,0.025,100.0,"{'Winogrande': 0.13863134835623284, 'HellaSwag': 0.022160624357291218, 'GSM8K': 0.08413300119137872}",22.245,28.1293,0.0564,0.043,11.6356,11.2732,0.0563,0.043,100.0,0.3783,0.2776,0.0582,0.0376,0.3051,0.3208,0.0577,0.0373,0.055,0.0355,0.0577,0.0381,0.0495,0.0314,0.0573,0.0378,100.0,"{'Winogrande': 10, 'HellaSwag': 80, 'GSM8K': 10}",0.0816,0.0476,25.4737,34.7764,0.0578,0.0351,12.771,14.0962,0.0576,0.035,100.0,98.0,0.014,0.0121,0.0378,0.0236,0.0139,0.0134,0.0321,0.0218,0.5129,0.0859,98.0,0.0171,0.0145,0.0794,0.0434,0.018,0.014,0.0696,0.0381,0.5129,0.0859,50.0,0.0127,0.0114,0.0776,0.0275,0.0143,0.0116,0.0685,0.0244,0.4785,0.0761,1.0,100.0,0.0317,0.0,0.0794,0.0,0.0144,0.0,0.0693,0.0,0.0735,0.0,0.4393,0.5129,1.0,100.0,0.0321,0.0,0.0776,0.0,0.011,0.0,0.0671,0.0,0.0789,0.0,0.3996,0.4785,98.0,0.0171,0.0145,0.0794,0.0434,0.018,0.014,0.0696,0.0381,0.5129,0.0859,-0.0032,-0.0417,-0.0041,-0.0375
TruthfulQA,4,HellaSwag_GSM8K_MMLU,5,817,100,1,817,100,500,27487,500,5,1578.14,1006.7493,100,98,4,0.0245,0.0064,0.1809,0.118,0.0817,0.0799,0.1742,0.1134,0.6216,0.1984,0.1186,0.098,0.0378,0.0122,0.1232,0.0789,100,"{'Winogrande': 0.171683069439299, 'HellaSwag': 0.05593344687008441, 'GSM8K': 0.14223205582460427, 'MMLU': 0.05095288254992814}",14.9002,16.0465,0.1909,0.2035,3.4689,3.9533,0.1904,0.2032,100,0.4547,0.2223,0.1582,0.1429,0.2396,0.2126,0.1577,0.1427,0.0782,0.0564,0.139,0.1182,0.1077,0.0671,0.1386,0.1176,100,"{'Winogrande': 5, 'HellaSwag': 38, 'GSM8K': 5, 'MMLU': 52}",0.1052,0.0528,16.8723,16.2557,0.1835,0.2079,3.4628,2.9299,0.1828,0.2073,100,27487.0,500.0,5.0,1586.96,1006.7493,100.0,98.0,0.0156,0.0125,0.0158,0.0134,0.0152,0.0122,0.0154,0.0135,0.5129,0.0859,50.0,0.0129,0.0092,0.0163,0.0146,0.0126,0.0089,0.0155,0.0139,0.4785,0.0761,98.0,4.0,0.0212,0.0048,0.1808,0.0746,0.0795,0.0465,0.1808,0.0735,0.6216,0.1984,1.0,100.0,0.0283,0.0,0.0158,0.0,0.0201,0.0,0.014,0.0,0.039,0.0,0.5516,0.5129,1.0,100.0,0.0284,0.0,0.0163,0.0,0.0184,0.0,0.0134,0.0,0.0484,0.0,0.5247,0.4785,0.1253,0.0682,0.0378,0.0122,0.1232,0.0789,100.0,"{'Winogrande': 0.17168306943929904, 'HellaSwag': 0.05593344687008441, 'GSM8K': 0.1422320558246043, 'MMLU': 0.05095288254992814}",14.9002,16.0465,0.0791,0.0646,3.9135,3.855,0.0791,0.0644,100.0,0.4532,0.2038,0.0636,0.0568,0.2274,0.2804,0.0632,0.0567,0.0922,0.0752,0.0621,0.0428,0.0706,0.0474,0.062,0.0426,100.0,"{'Winogrande': 5, 'HellaSwag': 38, 'GSM8K': 5, 'MMLU': 52}",0.1052,0.0528,16.8723,16.2557,0.0742,0.0685,4.0946,2.9011,0.074,0.0683,100.0,98.0,0.0156,0.0125,0.0158,0.0134,0.0152,0.0122,0.0154,0.0135,0.5129,0.0859,98.0,0.0189,0.0173,0.0485,0.0331,0.0182,0.0148,0.0414,0.0287,0.5129,0.0859,50.0,0.0134,0.0107,0.0494,0.0307,0.0122,0.0095,0.0426,0.0268,0.4785,0.0761,1.0,100.0,0.0283,0.0,0.0485,0.0,0.0237,0.0,0.0421,0.0,0.039,0.0,0.5516,0.5129,1.0,100.0,0.0284,0.0,0.0494,0.0,0.0148,0.0,0.0412,0.0,0.0484,0.0,0.5247,0.4785,98.0,0.0189,0.0173,0.0485,0.0331,0.0182,0.0148,0.0414,0.0287,0.5129,0.0859,-0.0033,-0.0327,-0.003,-0.026
TruthfulQA,5,HellaSwag_GSM8K_MMLU_ARC Challenge,6,817,100,1,817,100,600,28659,600,5,1848.97,1665.8635,100,98,5,0.0222,0.0071,0.1312,0.0976,0.0626,0.0615,0.126,0.0951,0.6191,0.1775,0.0915,0.0771,0.0366,0.009,0.1624,0.0997,100,"{'Winogrande': 0.36735338176312354, 'HellaSwag': 0.022422943817372934, 'GSM8K': 0.16761151769274807, 'MMLU': 0.06263989372988905, 'ARC Challenge': 0.24131085881451558}",13.3529,14.0823,0.1546,0.1776,2.5391,2.0276,0.1546,0.1773,100,0.486,0.1858,0.1144,0.1218,0.3088,0.2869,0.114,0.1213,0.0714,0.0529,0.0994,0.0795,0.1086,0.0459,0.0992,0.0793,100,"{'Winogrande': 5, 'HellaSwag': 36, 'GSM8K': 5, 'MMLU': 50, 'ARC Challenge': 4}",0.1723,0.1244,13.0021,15.7229,0.1187,0.1493,1.6005,0.77,0.1184,0.1487,100,28659.0,600.0,5.0,1906.41,1665.8635,100.0,98.0,0.0189,0.0156,0.181,0.0386,0.0261,0.0165,0.163,0.0347,0.5129,0.0859,50.0,0.0139,0.0109,0.1695,0.0473,0.0199,0.0143,0.1523,0.0415,0.4785,0.0761,98.0,5.0,0.0208,0.0044,0.3115,0.1921,0.1157,0.1003,0.3083,0.1941,0.6191,0.1775,1.0,100.0,0.0424,0.0,0.181,0.0,0.106,0.0,0.1623,0.0,0.0273,0.0,0.4862,0.5129,1.0,100.0,0.0418,0.0,0.1695,0.0,0.1007,0.0,0.1521,0.0,0.0299,0.0,0.45,0.4785,0.1848,0.1336,0.0366,0.009,0.1624,0.0997,100.0,"{'Winogrande': 0.36735338176312354, 'HellaSwag': 0.022422943817372937, 'GSM8K': 0.16761151769274804, 'MMLU': 0.06263989372988905, 'ARC Challenge': 0.24131085881451556}",13.3529,14.0823,0.0673,0.0702,2.2291,1.5036,0.0673,0.0701,100.0,0.4841,0.1806,0.0538,0.0435,0.2313,0.2246,0.0536,0.0433,0.0751,0.0561,0.0477,0.0366,0.0539,0.0314,0.0476,0.0365,100.0,"{'Winogrande': 5, 'HellaSwag': 36, 'GSM8K': 5, 'MMLU': 50, 'ARC Challenge': 4}",0.1723,0.1244,13.0021,15.7229,0.0541,0.0405,1.5586,1.0877,0.0541,0.0404,100.0,98.0,0.0189,0.0156,0.181,0.0386,0.0261,0.0165,0.163,0.0347,0.5129,0.0859,98.0,0.0201,0.0165,0.067,0.043,0.02,0.0153,0.0575,0.0378,0.5129,0.0859,50.0,0.0135,0.0111,0.0695,0.0407,0.0156,0.0124,0.0596,0.0363,0.4785,0.0761,1.0,100.0,0.0424,0.0,0.067,0.0,0.0233,0.0,0.0512,0.0,0.0273,0.0,0.4862,0.5129,1.0,100.0,0.0418,0.0,0.0695,0.0,0.0167,0.0,0.0514,0.0,0.0299,0.0,0.45,0.4785,98.0,0.0201,0.0165,0.067,0.043,0.02,0.0153,0.0575,0.0378,0.5129,0.0859,-0.0012,0.1141,0.0061,0.1055
